+9.99931261296937983034141e-03
-1.15991278447973935732174e+00
+1.32320023105684723539590e+00
+7.36739386487461267146918e-01
-7.54935596519232519814059e-01
+3.13856854385213885266649e-01
-2.38099910519331076379740e-02
+8.22129772304727841462181e-02
+1.77930284425741000383425e-02
-3.67613660566020919027448e-03
+8.73539032240274783937366e-03
+2.31436770661021887863273e-02
+3.25572247015426011455607e-03
-2.18980702350376431011653e-04
+7.74869995052794225735336e-02
+1.18570991154195482675388e-01
-6.22259970808266409326399e-02
-2.59317097118387004118840e-02
+1.10598272365635155287209e-01
-1.70485740242310030467867e-01
+3.65970301375896563652505e-01
+1.27786646995989365795833e-01
-4.09073231287074318039457e-02
+2.37630433902865504936868e-01
-1.03983909697774331806113e+00
-4.53171759073189404378761e-01
+6.01370108557924432699452e-01
+1.06574117061579428560903e+00
+2.46653133286422115963191e-02
-2.40823795863703679166673e-02
-1.58947130639786479499326e-01
+7.15770143918745259789553e-01
+2.37837380420341360277014e-01
-3.26225204002767524947356e-02
-5.50923102748341247425522e-01
+3.24573602752755325117416e-02
+2.94518766015717119686430e-01
-1.04017200356060687884324e-01
+9.22163690272802912275121e-02
-3.31540497073376015501659e-01
-1.98367690412929319858421e-01
-2.51977045031396590755996e-01
-7.96505908807847631032858e-01
+5.33471845269419040544485e-01
+1.42387477143374057002299e+00
-3.31252918671005420138616e-01
+1.99715932118702377323483e-01
-1.18969771326437377484722e-02
+6.18104882529227602336122e-02
+6.41062976535755493381881e-01
-1.90849294243299006777097e-01
+7.01804846572315182313656e-01
-1.21833403519555164261482e-02
-5.01513929695430955659255e-01
+4.92276222121512087559891e-02
+1.76760451325658574497500e-01
-3.75909911575212563348070e-02
-1.65361966279697029998000e-01
+7.33902969743332129621326e-01
+3.26567132375182444830421e-02
-8.62495365856072267770320e-02
+3.46170794432596015182871e-01
-8.28861472758404523515470e-01
-1.28608263223615225005705e-01
+2.05593989142003072320635e-01
+5.72804172818654020309295e-01
+4.72422937257034895506065e-01
-2.29285234208108990544828e-01
-1.18245445567195081003169e-01
+5.15070465955116022077078e-01
-5.55022385245814760884295e-01
+3.70001134635563949229744e-01
-1.08594279985045992129385e-01
-5.05637431397104137514918e-01
+2.99509710172468394947632e-01
-2.84714523833011481076536e-03
+6.33777227947327678213452e-01
-2.13060114990621467272304e-02
+1.33403301647528185984901e-02
+1.72866332752897011327776e-02
-1.64730342496770341103671e-02
+4.75481582443461016637472e-02
-8.46615420936512646802946e-02
+3.40997376964334248294810e-01
+2.72464765005782346513766e-01
+6.28786096816716863451970e-02
-1.34386255310884645919855e-01
+2.15836696565002062431056e-01
+8.18467396892078330015044e-02
+1.94316900000347700388081e-01
-1.27124294266616913922640e-01
+3.70914392624687492505581e-02
+3.28163881558865079021610e-02
-6.26610805411612621141884e-02
+2.67241968212990286136135e-01
+1.65481598449100947225357e-02
+6.65496332888701794753273e-02
+6.42778569695451869716407e-02
-1.30808561380327724932200e-01
+9.24345310833270380349634e-02
+4.67006068803098284099756e-01
+1.62731053924645670513788e-01
+4.81277140248766854309839e-01
-5.28248264131511572862043e-01
-9.42139357683527523262837e-02
-6.33660557131816728450677e-02
+7.11624151296714105067912e-02
-4.69901389898429016796972e-03
+1.15187562560348924478408e-01
+6.43424435102891932831933e-01
-7.46463673397298143029659e-01
+3.13017985472451317140515e-01
-4.29366721542013439284919e-01
+3.37887941848231513994575e-01
+1.59140740802535286570764e-01
+4.27720625958853635090201e-01
-1.09661020732565698493984e-01
+2.22733912859066394177850e-02
+7.09940381345634522568013e-01
-4.46199020420885432568411e-01
+3.39045455577333536128294e-02
-1.01740574123639720254378e-03
+3.71641472464670488097543e-04
-2.13335919188239843150995e-03
-1.04843359091931485189715e-02
+1.95825876249291832239033e-01
+2.70478497902055623332665e-01
+3.01807563416578193931407e-02
-1.78515076763528801529867e-02
+5.48409364811113302049087e-02
+1.67725674401473849693020e-01
-1.99865650759300301653545e-02
+9.26030269057698909162373e-02
+2.84733868639754293392914e-01
-1.11032297842249266431207e-01
+3.18406474855315117044162e-02

Objective function value: +1.61064164626145227642604e-16
Objective gradient norm:  +2.51984873593556001192315e-14
Most recent step size:    +2.36208114577139493887823e-09
Distance from origin:     +4.49633911047115893715100e+00
