0 64 -218 -296
0.736447210922471673378
0.542040958787406434993
0.610443221088635579186
0.543387654083535731608
0.900518732067221661097
0.0161726232737992442479
0.0207784940049708030663
0.797118522425442677104
0.226456738475502267205
0.627781670446219464132
0.0802853292178219157815
0.65722750972545118664
0.621802874528766591489
0.194189610330379680558
0.737388682436937004105

426 64 374 167
0.304814767360941263341
-0.61535558305755444497
1.38704042432363272574
-0.688613545426713824504
1.48221483242523222046
-0.0228820151762913759352
-571.126162214313353616
-61.3876348579545876305
166.507921902391103686
307.868568347913992511
0.138943409610598783699
0.362306918201272920577
4.60317780105547580405
-4.10442703714873058374
2.03145759962394436438e-11

426 128 374 167
0.3048147673609412633410000000000000000043
-0.6153555830575544449700000000000000000021
1.387040424323632725739999999999999999772
-0.6886135454267138245040000000000000000227
1.482214832425232220459999999999999999926
-0.0228820151762913759351999999999999999993
-571.1261622143133536160000000000000000008
-61.3876348579545876305000000000000000002
166.5079219023911036860000000000000000068
307.8685683479139925109999999999999999929
0.138943409610598783698999999999999999996
0.3623069182012729205770000000000000000088
4.603177801055475804049999999999999999925
-4.104427037148730583740000000000000000109
2.031457599623944364379999999999999999974e-11

2529 128 374 119
0.3087591876729428142950620256220081873722
-0.6120459712397950680204534221478672066259
1.381714020101123387031968535941121726439
-0.612186601458328080731820191335949071694
1.381896045382221477169430255640337614679
-4.368643204852238449628016262801696969161e-05
-2937.886798625285764820371310382767391522
-2539.713016129572756215507895216139233324
-2478.894244429546110214002427912594415623
-2337.530446163514148568588765808052391684
0.142625819014487878731078794760010597332
0.3591999669962134672041391805867636647898
2140.404385069224865463612844104351677794
-2139.906210856434240525206929216161519366
1.155143668885708462558085905280318626331e-18

