0 64 -338 -415
0.454144714857572240341
0.324048252455033880537
0.907603370575467138792
0.859879494382613684955
0.580884155312179517594
0.0740661682773848389916
0.964970052483244744579
0.433728175991652309396
0.316187154638435163889
0.964544226573909146971
0.914362720463358313872
0.582502746721614617087
0.18009581160741544581
0.227359645835844004225
0.807898765137820107363

2718 64 446 569
0.133144633380025162461
-2.11885510901349460866
2.92712369099541946937
-2.12052087453352378077
2.9290459262652817074
-0.000129314880100372898899
-2.15031725453555289107
2.96448267557848987863
-5.61210050778719526932
5.60641915132785051412
-0.211295485938977900542
0.692293715954076738228
71.9234400838302576631
-42.7448167386305470927
-28.6596215767801041352

2720 64 446 573
0.133144633380025245728
-2.11885510901350260227
2.92712369099539415629
-2.12052087453352200441
2.92904592626529769461
-0.000129314879987266814071
-2.15031725453554667382
2.96448267557849831633
-5.61210050778716240671
5.60641915132788337672
-0.211295485938977706253
0.692293715954076960273
71.9234400838302576631
-42.7448167386305470927
-28.6596215767801041352

2720 128 446 573
0.1331446333800252457280000000000000000007
-2.118855109013502602270000000000000000119
2.927123690995394156290000000000000000098
-2.120520874533522004409999999999999999818
2.92904592626529769460999999999999999993
-0.0001293148799872668140709999999999999999968
-2.150317254535546673819999999999999999973
2.964482675578498316329999999999999999999
-5.612100507787162406710000000000000000003
5.60641915132788337672000000000000000005
-0.211295485938977706252999999999999999999
0.6922937159540769602730000000000000000089
71.92344008383025766309999999999999999737
-42.74481673863054709269999999999999999907
-28.65962157678010413520000000000000000031

12267 128 446 664
0.1333710421482904307399945255788216205792
-2.118548580416161596593831837688963074152
2.927003045404085358832363397063279575678
-2.118548593323658080384117517363131187062
2.927003060298387427445065178085097046287
-1.001069683852584377250511768824557135691e-09
-2.118573489961186587970420877549701354084
2.927032562161385000624360416544829916621
-530.6350162317205849591653558553931801526
530.6350119240783573542041004821520630865
-0.2104169253566383588350698893877641113675
0.6915082824863923547184852633388715956351
19588.23126714468885212627987930011665578
19479.68145800544209551999515779660302067
-39067.3938165072607016438707100178466379

