0 64 -225 -308
0.336002918855756504968
0.305145548718805059707
0.187771639594043471266
0.797022113353141214986
0.512058844437816795825
0.530612710173612778242
0.544677230793005229259
0.682538065899585766338
0.0317088370504632205416
0.475844720498800333175
0.662184991764656727398
0.915064295096578717015
0.672663342082416848555
0.204600327837792833607
0.845827680019571426229

1953 64 776 876
0.00394004699583182411982
-0.00663764218361571466803
0.0218106657094288905463
2771.16606877745653037
-3770.70158242052548303
1000.33716073011225944
-16.4330432126262024894
22.3188088102998207773
-5.8659770755543441112
0.00156734770102043025758
224.824178470763541782
-279.106463505472504494
-6.67538797265288774696
0.484201788585467918224
61.4734712187761971336

1953 128 776 876
0.003940046995831824119820000000000000000095
-0.006637642183615714668030000000000000000023
0.02181066570942889054629999999999999999996
2771.16606877745653037
-3770.701582420525483029999999999999999986
1000.337160730112259439999999999999999723
-16.43304321262620248940000000000000000034
22.31880881029982077729999999999999999879
-5.865977075554344111200000000000000000117
0.001567347701020430257579999999999999999915
224.8241784707635417820000000000000000052
-279.1064635054725044940000000000000000061
-6.675387972652887746959999999999999999971
0.484201788585467918224000000000000000025
61.47347121877619713359999999999999999957

121952 128 1175 1422
3.891080152036724262599798516587001447493e-05
-7.99717098201892573512345867976616589507e-05
0.0002364635521047469867733781755545164714463
2.802396234405875482243767492024469695919e+07
-3.730058342668730015081840147464727055667e+07
9.276621882690429091412113865679218740457e+06
-247.9270151976058779795148136123511779863
329.9874624233379610880127823887317344806
-82.05965929514914060320333272761206731949
2.359261605711515604185369741443094823521e-06
189597.8343506985406974157985572785759564
-30219.88075783618091928327181978091946688
-200757.5269066982829164589877402706747249
0.4881296567015525176242486013773066287808
41380.08518417922158580883669854030788488

