0 64 -342 -414
0.495505981482120771986
0.29863530008750599487
0.575067184104993023297
0.573325547187440331953
0.804441140711902757943
0.494687658320504319853
0.997147851026545906095
0.218590446060900667202
0.902937508125876475695
0.462276153622939056653
0.986879108844513797116
0.732535366221041428503
0.327439846752856145162
0.734493919178082821375
0.804481326206675118051

2446 64 761 881
0.00462534365171427073321
-0.00841886355160150791355
0.0264757394435676390865
1970.45406076994117939
-2671.86268820401892299
702.210309759787264738
4.82457165863112624749
-6.51072170683791462409
1.69899119930152942004
-0.000646461268971243690866
156.865529497861331265
-153.571161475379284411
146.037893619439898885
0.484107896107097923633
-148.816369538029022124

2446 128 761 881
0.004625343651714270733209999999999999999948
-0.00841886355160150791354999999999999999966
0.02647573944356763908650000000000000000103
1970.454060769941179390000000000000000175
-2671.86268820401892299000000000000000007
702.2103097597872647379999999999999999874
4.824571658631126247490000000000000000351
-6.510721706837914624089999999999999999987
1.698991199301529420039999999999999999977
-0.0006464612689712436908660000000000000000029
156.8655294978613312649999999999999999952
-153.5711614753792844110000000000000000045
146.0378936194398988850000000000000000176
0.4841078961070979236330000000000000000269
-148.8163695380290221240000000000000000146

25713 128 1178 1201
3.745095369877537799166628922830723568897e-05
-7.800421529980508298082814610200412393045e-05
0.0002290337494298763042530216873761815598339
3.016432708064588437084885533852385224223e+07
-4.011340993921530872373875427632350485358e+07
9.949083658583038791437763555802891750223e+06
4.152459368272572784362011625399864454066
-5.521843755210697541568716849325779897077
1.369462312910195725020474764344493862977
-3.670645738073661530768528441539461713362e-08
2.290556342981008206825401123969838337527e+06
-1.333768278442287960445320889248736118623e+06
1.70335400364496913588096250968708157423e+06
0.4882475289278350760877732818271307618617
-2.660141556431218310096118832841471143908e+06

25715 128 1178 1201
3.745095369877537799166627680070993681822e-05
-7.800421529980508298082814290190225014454e-05
0.0002290337494298763042530216905762902044673
3.016432708064588437084885533852385224223e+07
-4.011340993921530872373875427632350485358e+07
9.949083658583038791437763555802891750223e+06
4.152459368272572784362011625399636038774
-5.52184375521069754156871684932602641611
1.369462312910195725020474764344265832871
-3.670645738073661530768556757433698862295e-08
2.290556342981008206825401123969838337527e+06
-1.333768278442287960445320889248736118623e+06
1.70335400364496913588096250968708157423e+06
0.4882475289278350760877732818271307618617
-2.660141556431218310096118832841471143908e+06

25717 128 1178 1186
3.745095369877537799166468611806466839086e-05
-7.800421529980508298082773320849921703648e-05
0.0002290337494298763042530221002705629153159
3.016432708064588437084885533852385224223e+07
-4.011340993921530872373875427632350485358e+07
9.949083658583038791437763555802891750223e+06
4.152459368272572784362011625370226318151
-5.521843755210697541568716849355460788636
1.369462312910195725020474764314853030761
-3.670645738073661530772155233312547445219e-08
2.290556342981008206825401123969838337527e+06
-1.333768278442287960445320889248736118623e+06
1.70335400364496913588096250968708157423e+06
0.4882475289278350760877732818271307618617
-2.660141556431218310096118832841471143908e+06

