0 64 -255 -332
0.192912614391344328091
0.920849052365500408968
0.315790603023373306346
0.970230419826128454019
0.3681590535179212198
0.482987577272217305513
0.847560244159247244689
0.32074102386295672007
0.507622997903637074302
0.618122504805958761231
0.637350878893579775308
0.952701853125058395477
0.393578277357756745047
0.541481505152531572556
0.318867072142249186051

1392 64 744 686
0.0249986966650001252166
-19.1767701333961646526
20.1714020791195061122
0.0124394336532281987034
-9.03079561497372677176e-05
-8.08375419983528814387e-05
-30.7257339286551456325
9.745534884055969016
-0.00361081397514454892003
21.9836215131983436777
98.2063572883377418066
106.079643421631487854
9.55229053486249135574
-203.682536505837248342
-9.15575473904065262332

1392 128 744 686
0.02499869666500012521659999999999999999994
-19.17677013339616465259999999999999999982
20.17140207911950611220000000000000000036
0.01243943365322819870340000000000000000092
-9.030795614973726771760000000000000000051e-05
-8.083754199835288143870000000000000000085e-05
-30.72573392865514563249999999999999999812
9.745534884055969016000000000000000000176
-0.003610813975144548920030000000000000000074
21.983621513198343677700000000000000001
98.20635728833774180659999999999999999777
106.0796434216314878539999999999999999985
9.552290534862491355739999999999999999916
-203.6825365058372483420000000000000000197
-9.155754739040652623319999999999999999789

47168 128 1185 1132
0.0001612356678174321740704365257203569430293
-3078.054865568634667657301706364228709336
3079.051251521682110904290445043350526831
8.043275837600804876229076750377964682846e-05
1.78540184165877746868634431934267624053e-07
-3.291456043823739290865587758529064645288e-09
-190860.6863529881946617635201751824820675
-184582.3413618810115492837198036664196214
-0.00248506267910535889023713487838686342008
375444.0302000855267643116273222357180644
2.549244518017464958645719643663661047298e+06
2.550476474130610921142455329795515310764e+06
13.98312530729663991784355632228075692181
-5.099720393205959567758084216877719949033e+06
-13.5820674236086700086457821659323313575

47173 128 1185 1153
0.0001612356678174321740704369826561858046113
-3078.054865568634667657301706364228709336
3079.051251521682110904290445043350526831
8.043275837600804876228985373815339489953e-05
1.785401841658777468677206424909279237697e-07
-3.291456043823739291861122861055303824122e-09
-190860.6863529881946617635201751824820675
-184582.3413618810115492837198036664196214
-0.002485062679105358890237134878390631020534
375444.0302000855267643116273222357180644
2.549244518017464958645719643663661047298e+06
2.550476474130610921142455329795515310764e+06
13.98312530729663991784355632228075692181
-5.099720393205959567758084216877719949033e+06
-13.5820674236086700086457821659323313575

47176 128 1185 1157
0.0001612356678174321740704370447587131827341
-3078.054865568634667657301706364228709336
3079.051251521682110904290445043350526831
8.043275837600804876228972954607760091983e-05
1.785401841658777468675964495396125272668e-07
-3.291456043823739291961806852521222314015e-09
-190860.6863529881946617635201751824820675
-184582.3413618810115492837198036664196214
-0.002485062679105358890237134878391151623472
375444.0302000855267643116273222357180644
2.549244518017464958645719643663661047298e+06
2.550476474130610921142455329795515310764e+06
13.98312530729663991784355632228075692181
-5.099720393205959567758084216877719949033e+06
-13.5820674236086700086457821659323313575

