0 64 -196 -286
0.293113552932218746072
0.256234646657413023263
0.129341916038946486145
0.799870403067133639574
0.24965653269039558837
0.141346479167686861489
0.46312279709884762724
0.0749436366284643717961
0.837675642750927984537
0.647958109155560402215
0.473582898493688397856
0.683975306321476850258
0.374686741836487646751
0.275567175396277896926
0.449275765158002715616

2488 64 747 790
0.0053828401275789593966
-0.0108042933090974711124
0.0322043183238803903956
1418.9511008556194156
-1914.82442012482010796
496.675265974862099938
4.43654205494182640734
-5.95446473152543021001
1.53020468545531307392
-0.000823421101086102232881
107.913006600362692211
-78.1723237471577334645
87.3068297934451464926
0.483449884462602286206
-116.530962531110844793

2488 128 747 790
0.005382840127578959396599999999999999999686
-0.01080429330909747111239999999999999999789
0.03220431832388039039559999999999999999933
1418.951100855619415600000000000000000137
-1914.824420124820107960000000000000000094
496.6752659748620999379999999999999999971
4.43654205494182640733999999999999999998
-5.954464731525430210009999999999999999977
1.530204685455313073920000000000000000228
-0.0008234211010861022328809999999999999999864
107.9130066003626922109999999999999999961
-78.17232374715773346450000000000000000102
87.30682979344514649259999999999999999827
0.483449884462602286205999999999999999997
-116.5309625311108447930000000000000000119

25820 128 1186 1202
3.414409933707699563663949466021312199914e-05
-7.111860486690402996094330338119655938763e-05
0.0002088138633610030425345151451414196570868
3.629069324878298058758708465248333438692e+07
-4.825997438329892148850165422212715483973e+07
1.196928193452835349981328126879574835058e+07
4.151927795708770982556293122841027036125
-5.521103845800897297769072019751700137962
1.36924709318334641704347157324411233022
-3.050623458972746475257162203021856720657e-08
2.755578548125178265757527245537441166846e+06
-1.604030261214943551260217372611494233425e+06
2.049287156196791445925670621824555942166e+06
0.4882505057639775642793158921279378303114
-3.200834931357531924400544774754063099133e+06

25821 128 1186 1213
3.41440993370769956366386981882355100346e-05
-7.111860486690402996094312413525323323385e-05
0.000208813863361003042534515324385045472618
3.629069324878298058758708465248333438692e+07
-4.825997438329892148850165422212715483973e+07
1.196928193452835349981328126879574835058e+07
4.151927795708770982556293122876427169247
-5.52110384580089729776907201971630000484
1.369247093183346417043471573279549441196
-3.05062345897274647524488433927621424729e-08
2.755578548125178265757527245537441166846e+06
-1.604030261214943551260217372611494233425e+06
2.049287156196791445925670621824555942166e+06
0.4882505057639775642793158921279378303114
-3.200834931357531924400544774754063099133e+06

