0 64 -233 -306
0.202804983644979314183
0.314065527841262903674
0.84993797999291043066
0.445787305439493908299
0.805979317645868942321
0.308854062811652285703
0.555101013294693856892
0.179986397368303074895
0.295152566023706430798
0.736912509762149503523
0.707164562143975050645
0.16555192232776105854
0.942485689488424038807
0.833675446972739320195
0.42642644236062604568

1686 64 776 810
0.0174159632682998853637
-27.7620736295878813849
28.7562518032856964112
0.00801342628873747547802
-2.93695503524531442978e-05
-3.8844772901160014029e-05
-56.0724124295113597327
6.04999409103051188907
-0.00402333232917427216502
51.0263629453293674487
224.158410696540499885
203.566137235010273798
8.70394454386908478227
-427.122848014926546512
-8.30564446049747751033

1686 128 776 809
0.01741596326829988536369999999999999999769
-27.76207362958788138489999999999999999738
28.7562518032856964112
0.008013426288737475478019999999999999999978
-2.936955035245314429779999999999999999756e-05
-3.884477290116001402900000000000000000243e-05
-56.07241242951135973270000000000000000086
6.049994091030511889069999999999999999964
-0.00402333232917427216502000000000000000008
51.02636294532936744869999999999999999955
224.1584106965404998849999999999999999943
203.5661372350102737980000000000000000073
8.703944543869084782269999999999999999945
-427.1228480149265465119999999999999999958
-8.305644460497477510330000000000000000021

49131 128 1186 1171
0.0001603427861941474736116775795935480996914
-3095.19808296203855543231130975680157507
3096.194468812234957617788833555644513274
7.998734449739876748137959962505266971437e-05
1.775854698324084133031837238568190146142e-07
-3.255101960026517623825905276338819671068e-09
-192980.2632389703301499443675106072650906
-186666.9534012203106430157801402501272659
-0.002485135180319271257871963260898394264839
379648.2191254786496426011614942923168281
2.577721268087586227594538084627526478757e+06
2.57896008759492666825262696455721774155e+06
13.98274748121402978077728644593186968399
-5.156680756740609987647352272120837565686e+06
-13.58168938412222959359901863606686636143

49136 128 1186 1172
0.0001603427861941474736116775783029493420366
-3095.19808296203855543231130975680157507
3096.194468812234957617788833555644513274
7.998734449739876748137960220597784649279e-05
1.775854698324084133031863051523745938464e-07
-3.255101960026517623820246431346413454263e-09
-192980.2632389703301499443675106072650906
-186666.9534012203106430157801402501272659
-0.002485135180319271257871963260898442413087
379648.2191254786496426011614942923168281
2.577721268087586227594538084627526478757e+06
2.57896008759492666825262696455721774155e+06
13.98274748121402978077728644593186968399
-5.156680756740609987647352272120837565686e+06
-13.58168938412222959359901863606686636143

