0 64 -334 -408
0.967861528783554359023
0.304485900733772074656
0.00369190637274257856329
0.60669678133469961967
0.932497503304279273806
0.0342075659295621101186
0.970422630666102126185
0.361752330985456393986
0.612954142496666243289
0.805432692244928083447
0.551569048326937982907
0.664485243856206109214
0.327558140003654407746
0.791930955126975755221
0.620788068184139230077

1972 64 773 659
0.0181453843948858987989
-26.6118061524174365218
27.6058028844696821125
0.00790057729423614130138
-3.09324736206830451513e-05
-4.17594470043766469343e-05
-54.9909060428887954686
7.06348855208337678135
-0.00415274082852887076178
48.931483334881939129
217.969401735320957414
179.62539243115992349
8.44964673464755300358
-396.993064323997202791
-8.05137657712224630302

1977 64 773 729
0.0181453843948801915587
-26.6118061524174365218
27.6058028844696821125
0.00790057729424891407033
-3.09324736078483885824e-05
-4.17594469814011289618e-05
-54.9909060428887954686
7.06348855208337678135
-0.00415274082852872938182
48.931483334881939129
217.969401735320957414
179.62539243115992349
8.44964673464755300358
-396.993064323997202791
-8.05137657712224630302

1977 128 773 729
0.01814538439488019155869999999999999999983
-26.61180615241743652179999999999999999887
27.60580288446968211249999999999999999848
0.007900577294248914070330000000000000000033
-3.09324736078483885824000000000000000009e-05
-4.175944698140112896180000000000000000189e-05
-54.99090604288879546860000000000000000221
7.063488552083376781349999999999999999971
-0.00415274082852872938182000000000000000009
48.93148333488193912900000000000000000011
217.9694017353209574140000000000000000036
179.6253924311599234900000000000000000066
8.449646734647553003580000000000000000155
-396.9930643239972027910000000000000000153
-8.051376577122246303019999999999999999983

48973 128 1187 1196
0.0001583731862420637429251710742787337787832
-3133.699014361546112090304248269754450855
3134.695400200392503137149106917388568616
7.900482047329437075598336654000604688566e-05
1.754672705183458184770857325462151490447e-07
-3.175620242482593455556139025685216733511e-09
-197771.2287454987244848321702753531362737
-191379.4002908521631128791377386057979224
-0.002485142307789478164798467394935885122403
389151.6315216442291760986034080814471066
2.642250589415765212211214860060548415275e+06
2.643504813904946273241167415071753364072e+06
13.98273881239872030204761011385065369341
-5.285754804379213879275161144283505245214e+06
-13.58168031000489752322114786990491770294

48975 128 1187 1196
0.0001583731862420637429251710742787337787832
-3133.699014361546112090304248269754450855
3134.695400200392503137149106917388568616
7.900482047329437075598336654000623496475e-05
1.754672705183458184770857325463635552065e-07
-3.175620242482593455556139026011554169108e-09
-197771.2287454987244848321702753531362737
-191379.4002908521631128791377386057979224
-0.002485142307789478164798467394935885122403
389151.6315216442291760986034080814471066
2.642250589415765212211214860060548415275e+06
2.643504813904946273241167415071753364072e+06
13.98273881239872030204761011385065369341
-5.285754804379213879275161144283505245214e+06
-13.58168031000489752322114786990491770294

