0 64 -369 -443
0.723281448306163365913
0.623813748001689649669
0.303933031531844033424
0.923202439609371761087
0.398750850849625249062
0.253951611817205769039
0.934678121488334068268
0.998543303809044768826
0.430259418064829146644
0.719401403318412402399
0.489936246452158274955
0.620972354018832772837
0.922737165724518804133
0.288468858568280250854
0.679890530741693255301

1395 64 740 696
0.0259677325423950076944
-18.4347340969269204436
19.4292589743708106198
0.0129209186074468757727
-9.85992702138631350265e-05
-8.73128643008598927851e-05
-29.3295546149057422269
9.63349017898510595614
-0.0036741885380212886518
20.6995295013027522657
90.7284404587263679787
98.3084309417927215691
9.38835203310192056847
-188.433244686793102574
-8.99197874685281561824

1400 64 740 697
0.0259677325423949764693
-18.4347340969269204436
19.4292589743708106198
0.0129209186074469382227
-9.85992702138011864249e-05
-8.73128643007807189215e-05
-29.3295546149057422269
9.63349017898510595614
-0.00367418853802127303929
20.6995295013027522657
90.7284404587263679787
98.3084309417927215691
9.38835203310192056847
-188.433244686793102574
-8.99197874685281561824

1400 128 740 697
0.02596773254239497646930000000000000000137
-18.4347340969269204435999999999999999998
19.4292589743708106198000000000000000001
0.01292091860744693822270000000000000000029
-9.859927021380118642489999999999999999792e-05
-8.731286430078071892150000000000000000015e-05
-29.3295546149057422268999999999999999994
9.633490178985105956140000000000000000214
-0.003674188538021273039289999999999999999694
20.69952950130275226569999999999999999999
90.72844045872636797870000000000000000207
98.30843094179272156909999999999999999731
9.388352033101920568470000000000000000007
-188.4332446867931025739999999999999999822
-8.991978746852815618240000000000000000011

47935 128 1190 1216
0.0001535796937236155084520675280532332052122
-3231.527095708154254496612350911527557983
3232.523481611108968918124898579586140536
7.661361630649937001868364998129575979558e-05
1.703010709892896618430905884818789557198e-07
-2.98628677161285219289012944817091974677e-09
-210203.5756443850359248368003143609729694
-203612.2409138367724952151175833899230742
-0.002485094614239249180254335790916960116184
413816.8190434630799056520672220530342784
2.809803019044242217030549031678400173236e+06
2.81109639392188357507966564701335228383e+06
13.9830687735828780248375975405974116875
-5.620898814025586731596129370395019719324e+06
-13.58200931264339211018346227956409835571

