0 64 -111 -180
0.675357574902414659057
0.646055852225823401547
0.476455798846949385439
0.231417672025568871286
0.00396332039791421394254
0.30583496012779060047
0.158682348921214966264
0.298588832260257452944
0.38245485868565864962
0.0463728070632580050003
0.225914542985615335313
0.719120264744406600954
0.817127270107450676129
0.722264344588423923277
0.235432026132117278028

3579 64 778 710
0.102282152075951149328
0.0698367220640045971436
-0.0172344838987969414812
45.7149192567814210975
57.955343487421799864
-102.680607783662921406
46.5884223931783196804
59.0034552398321423539
-104.596417991469152753
-0.00299741610601563868502
4.0090259537837011905
6.89080589561878298355
-10.2831578602898030539
15.7900373743360855627
-15.4067113634563295221

3579 128 778 709
0.1022821520759511493280000000000000000095
0.06983672206400459714360000000000000000019
-0.01723448389879694148119999999999999999969
45.7149192567814210974999999999999999995
57.95534348742179986400000000000000000007
-102.6806077836629214060000000000000000004
46.58842239317831968039999999999999999909
59.0034552398321423538999999999999999993
-104.5964179914691527530000000000000000095
-0.002997416106015638685020000000000000000018
4.009025953783701190499999999999999999932
6.890805895618782983550000000000000000116
-10.2831578602898030539000000000000000006
15.79003737433608556269999999999999999739
-15.40671136345632952210000000000000000022

41869 128 1305 1357
0.005373280959681244619021090775647597114303
0.003367414598496982544456970964226548086603
-0.0006808089967900169520489358508346459868583
22785.60395205066091049535858904096839725
22970.64715315205742723249965041531902483
-45755.25147932951607000024292206807305479
22789.74790275680628581456354637805412278
22974.81351368319086925732727167233048396
-45763.56173021229613572865785181893314164
-3.020694875325089858997128667123987463869e-05
2260.416320613305783487183994968915899064
2315.848846586051804771206532744185333831
-4575.664304343598128255652522994377835535
1648.592031246260931081095744440096256287
-1648.192894102020391083819769761817980243

41873 128 1305 1357
0.005373280959681244619021090832403909981044
0.003367414598496982544456970853473852185801
-0.0006808089967900169520489359619305486222817
22785.60395205066091049535858904127131984
22970.64715315205742723249965041562194742
-45755.251479329516070000242922067669158
22789.74790275680628581456354637785217438
22974.81351368319086925732727167202756138
-45763.56173021229613572865785181933703842
-3.020694875325089858997177949944096377639e-05
2260.416320613305783487183994968915899064
2315.848846586051804771206532744185333831
-4575.664304343598128255652522994377835535
1648.592031246260931081095744440096256287
-1648.192894102020391083819769761817980243

