0 64 -345 -415
0.661614418489206768115
0.897484473995382225908
0.55416713876712420106
0.720533636360634388573
0.845501419391117448043
0.520878267587446264208
0.882233497994058035729
0.874888033475801574212
0.814836540871494596772
0.267463883009719016748
0.265834366790564713412
0.898450781848531665474
0.767484857958501187625
0.443048116218814791445
0.530676113203354060666

1984 64 851 738
0.00706450614230834123691
-69.7521340995644578697
70.7493473521850546604
-0.127175745569347520281
0.275497598239433816314
0.0102847101754048771138
-72.6087338731490348209
73.7147531982969326236
-0.00156597832206800636687
-0.104464570159786857007
17.6876338826925376679
-18.9796767176375453801
15.8244477323574077587
1.91828864692332667907
-15.450693544338809815

1984 128 851 738
0.007064506142308341236910000000000000000178
-69.752134099564457869700000000000000002
70.74934735218505466039999999999999999768
-0.1271757455693475202810000000000000000097
0.2754975982394338163140000000000000000021
0.01028471017540487711380000000000000000097
-72.60873387314903482090000000000000000024
73.71475319829693262359999999999999999769
-0.001565978322068006366869999999999999999985
-0.1044645701597868570070000000000000000447
17.68763388269253766789999999999999999725
-18.97967671763754538010000000000000000239
15.82444773235740775870000000000000000002
1.918288646923326679069999999999999999897
-15.45069354433880981499999999999999999896

56930 128 1384 1527
1.546032986254638105794951901577966491143e-05
-32337.08110953788889177533047330425790895
32338.08106124436030360121347269649489871
-98.97529870594755530552603707822266243721
99.11156135554420495727545290502753250804
0.009021039930412945889406210585893719332283
-32360.8826919275409065330127677893485958
32361.88473316080970332234899634896552642
-2.707712779321531475946574351487295314201e-05
-0.002014134328848214839436676989575284123652
9449.140069455381044934673526959853402176
-9450.678193344630227871639386660832041158
917.729658972766514960487607681880470186
2.161738171299293232383060660619317142841
-917.3532732548166252559363708922783140571

56932 128 1384 1527
1.546032986254638105794951901967986112791e-05
-32337.08110953788889177533047330425790895
32338.08106124436030360121347269649489871
-98.97529870594755530552603707822266243721
99.11156135554420495727545290502753250804
0.009021039930412945889406210585893719332283
-32360.8826919275409065330127677893485958
32361.88473316080970332234899634896552642
-2.707712779321531475946574351407775472356e-05
-0.002014134328848214839436676989574923011788
9449.140069455381044934673526959853402176
-9450.678193344630227871639386660832041158
917.729658972766514960487607681880470186
2.161738171299293232383060660619317142841
-917.3532732548166252559363708922783140571

