0 64 -274 -346
0.000796771805458048936951
0.863017078287761862931
0.731427939405413618523
0.174461096580040747606
0.754723403401134418367
0.222998452944575403789
0.437277812990741199251
0.695895781212956587858
0.370397044264416552828
0.357596791426448679108
0.732026443548642435921
0.26019838983968307522
0.979398257444350162082
0.609719500372080225326
0.941929361345076987533

4317 64 724 830
0.00669708029585797115502
-0.0125016546256704226547
0.0386020638630228812849
369.380886056555368668
-505.246424028719957278
136.462500238079257997
362.770406646249739424
-496.236095971950476269
134.05800519158256634
-0.0233630403667521788225
347.216961879027849136
-482.46738044872250839
136.43824052897554111
9.8856195725016959841
-10.0734415317846064397

4317 128 724 830
0.006697080295857971155019999999999999999693
-0.01250165462567042265470000000000000000232
0.03860206386302288128489999999999999999781
369.3808860565553686680000000000000000067
-505.2464240287199572780000000000000000131
136.4625002380792579969999999999999999982
362.7704066462497394239999999999999999976
-496.2360959719504762690000000000000000064
134.0580051915825663400000000000000000001
-0.02336304036675217882250000000000000000265
347.2169618790278491360000000000000000002
-482.4673804487225083900000000000000000139
136.4382405289755411099999999999999999986
9.885619572501695984099999999999999999885
-10.07344153178460643969999999999999999924

89633 128 1446 1394
0.00236471999581094216690493861242055181635
-0.004399760535344792090422350371954652055134
0.01369203853099958299668927198440240363829
14982.02709247325081604101762435341419181
-20167.06657097590378908260981612891849036
5186.039347692809802621579990630470091613
14987.6281503764703448577441961897786744
-20174.59728685206085679241151875231674205
5187.969129421658084740572961271872575049
-6.190404159344052556169682834629268035614e-05
1472.648811442832287213627359230502824932
-1996.34823591233979761826461432256177466
524.3009305727409288801414908497670034971
802.1071361790085113553227303147821099779
-801.708642282241929830862550481215942437

89637 128 1446 1412
0.002364719995810942166906773004714849045902
-0.004399760535344792090422832535857874347634
0.01369203853099958299668878919844891862036
14982.02709247325081604101761931631643092
-20167.0665709759037890826098211695503481
5186.039347692809802621579985580043736868
14987.62815037647034485774420122616961592
-20174.59728685206085679241151371330047144
5187.969129421658084740572966319433786986
-6.190404159344052555567687858949129288476e-05
1472.64881144283228721362735923058802191
-1996.348235912339797618264614322523909336
524.3009305727409288801414908497417599481
802.1071361790085113553227303123334857281
-801.7086422822419298308625504837182092284

