0 64 -117 -260
0.170564055564108252305
0.899731213342104374497
0.853275242716562520862
0.713616429519321027186
0.13107075275358212596
0.152864411706537223212
0.961769794535222377618
0.86982489214800817745
0.445738643733693040705
0.328392430500529852733
0.695001096367098947226
0.380724312518437690844
0.289274308707887395364
0.0807924850102502978277
0.0156844693468368018285

3524 64 868 854
0.00588216794929776170403
-95.5634853167153721643
96.6271580803572334162
-0.204497361694721907499
0.32612031599106633406
0.00553752618470072354578
-22.8161043718221137055
20.9992014406725857611
0.0215145231140382864332
2.79537792599378942526
33.2188629175155156759
-35.6033982282326562085
-0.581600306707472536338
3.02239770673822327751
0.94373791067870105298

3524 128 868 854
0.005882167949297761704030000000000000000032
-95.56348531671537216429999999999999999818
96.62715808035723341619999999999999999989
-0.2044973616947219074989999999999999999969
0.3261203159910663340600000000000000000032
0.005537526184700723545780000000000000000175
-22.81610437182211370549999999999999999906
20.99920144067258576109999999999999999792
0.02151452311403828643320000000000000000054
2.795377925993789425260000000000000000116
33.21886291751551567590000000000000000299
-35.60339822823265620849999999999999999981
-0.5816003067074725363380000000000000000227
3.022397706738223277510000000000000000084
0.9437379106787010529799999999999999999998

232456 128 1407 941
1.201131106456605723777860327926958421354e-05
-46954.50918901512300187322693412212931175
46955.57125546409720448757013428526892217
-156.974997004499590798095117619963808892
157.0954325762490439509103883228429497932
0.005714782756881139994185181226344668802844
-11644.17692636818268104305837758270051642
11642.47930662037354994273639226894556674
0.02121633066459002191543207765204950823791
2.676403432598534754738935857531415794872
16583.5534579969581275609099874815172573
-16585.87554293435995457129336622913096482
-0.6026411200277315356423937609422389136411
2.958704693551428207332236251666926970734
0.9660213638781291150961450281353469612441

422974 128 1485 1032
4.879600087389575772927776870294905693214e-06
-115580.8439186560730045166784079554004274
115581.9059838934238754686536137534869026
-386.5714252860648795831527617394070610326
386.6918597104429047872737296940316063594
0.005715009375199458922975225990688575509749
-28663.39557601192312421944241576555558314
28661.69808105419353415454203999312558461
0.02121608721312540691793251785654344339741
2.676278876743285677533188764849542614236
40821.86432075282364147054522746439610684
-40824.18632284742635607064290180061998344
-0.6026583849314870239462822297056770464535
2.958620571560217836384266312803100680004
0.9660399079739857736117375323282216354822

435801 128 1489 1530
4.671377994380155827529483412289848196992e-06
-120732.7661655130919719615949964960179475
120733.8282307160541994422504043309360446
-403.8076998441864422933334291647606552802
403.9281342338397644533578512433549404226
0.005715015860023095948032917571082231262357
-29941.06216655279926671004148958097871608
29939.36467515121364198309644728472707877
0.02121608034844856094141320801660507642406
2.676275327157927975037214439047768925046
42641.48556614192915083044610824430830166
-42643.80756587568020034476968624866078176
-0.602658878071374407169052755631093346143
2.958618173333432101564411408279682630766
0.9660404384889918199265844038630796685871

435803 128 1489 1530
4.671377994380155827529483413905494652536e-06
-120732.7661655130919719615949964960179475
120733.8282307160541994422504043309360446
-403.8076998441864422933334291647606552802
403.9281342338397644533578512433549404226
0.005715015860023095948032917571082905337837
-29941.06216655279926671004148958097871608
29939.36467515121364198309644728472707877
0.02121608034844856094141320801660507642406
2.676275327157927975037214439047768925046
42641.48556614192915083044610824430830166
-42643.80756587568020034476968624866078176
-0.602658878071374407169052755631093346143
2.958618173333432101564411408279682630766
0.9660404384889918199265844038630796685871

