0 64 -321 -394
0.749460625455083406798
0.903552472443056253759
0.884174162832909837917
0.547820386385892588166
0.431153724789048786725
0.469757856649368643609
0.93562456489063738907
0.0498328074445120866587
0.95608788714354397964
0.518894876313161113046
0.438372360781679237807
0.287516820693745012161
0.4069691687733643648
0.39691555409696954726
0.717761773497835986468

3287 64 959 845
0.34712755911294790323
-2.09069975553145903646
2.79889978306216713477
4.34867779850073166159
-3.88558406956167168289
0.534953677346690303906
4.41756391608694176654
-3.95703422638417423585
0.541631964157037515406
-0.00208341679020053894417
0.111223889502460454581
0.480692311354771195653
0.201887050509854643066
7.90374136070925903397
-7.69754461207644435916

3287 128 959 845
0.3471275591129479032300000000000000000178
-2.090699755531459036460000000000000000089
2.798899783062167134769999999999999999854
4.348677798500731661590000000000000000021
-3.885584069561671682890000000000000000021
0.5349536773466903039060000000000000000442
4.417563916086941766540000000000000000153
-3.957034226384174235849999999999999999816
0.541631964157037515406000000000000000003
-0.002083416790200538944170000000000000000367
0.1112238895024604545810000000000000000024
0.4806923113547711956529999999999999999943
0.2018870505098546430660000000000000000159
7.903741360709259033969999999999999999855
-7.69754461207644435915999999999999999997

319560 128 1537 511
0.3548820898041334477570607648937432959387
-4.265619374749220927342134124088817901422
5.106616359829707976031895549396019427326
221.1243108592126664196308362608993862573
-225.6177717688773033372491484262573361007
5.493458410059542193053114480101680017915
221.1287386458810908884232640535268132927
-225.6222402121407970676339083053084031875
5.493504176730674685628794824430136143393
-2.555088754478954770279274359528415094242e-06
0.1111112640870075771769056846148911764031
0.5118620981743256388369923448888635465063
0.3637683918501774609387304554093851288429
327.6176680928538565089276580547987735124
-327.6044098469653671793693816661175807909

330741 128 1541 1283
0.3548861934227807969924972621453877139023
-4.267465530323780186056765921748662380746
5.108557859246780687895063174319502292021
226.6442683003542224147042491634249893714
-231.2679800792791730543704885415021324586
5.623709396205423186355988604595854788372
226.6485953896936728302564507881853662442
-231.2723469157270283191003457269280738118
5.62375401549863971398164489934180785362
-2.436138522646911070167276697848911910123e-06
0.1111112567973699491096790951527219901618
0.5118772915246319703629082964013166673501
0.3640622527537452534144471981945342888056
335.5238293026742567684337970215436182272
-335.5108801037500039413341696871000675707

