0 64 -299 -370
0.767421493520861863757
0.250247884210491378099
0.0314217510110961772973
0.824650869326499780243
0.525809765031269416014
0.811476790823577265321
0.749631755230864893491
0.148555881035724701711
0.862539837767798744927
0.215907902151048464168
0.770301819500666229423
0.382027427290599408405
0.514246506124389490822
0.879133767789119224823
0.522732075366439175035

2799 64 971 1058
0.00195120863698205354066
-57.1806835957440569018
57.6548599855854604357
22.208697774104511069
-22.0967453857140725404
0.541945440957826041206
-79.2300440740807516704
79.9469991794926500006
-0.88339581539406053512
1.1664534231292273958
-12.5051103656092816863
12.7828655574147216356
0.210165018796235281151
0.394908263287199190472
0.117171526111895782374

2800 64 971 996
0.00195120863691909999203
-57.1806835957441279561
57.6548599855854604357
22.2086977741043618551
-22.0967453857142253071
0.541945440957686708217
-79.2300440740808795681
79.9469991794925505246
-0.883395815394170780266
1.16645342312911703964
-12.505110365609310108
12.7828655574147553864
0.210165018796189706496
0.39490826328710554316
0.117171526111595647457

2800 128 971 996
0.00195120863691909999203000000000000000013
-57.18068359574412795610000000000000000037
57.6548599855854604357000000000000000011
22.20869777410436185509999999999999999878
-22.09674538571422530710000000000000000126
0.5419454409576867082170000000000000000082
-79.23004407408087956810000000000000000017
79.94699917949255052459999999999999999685
-0.8833958153941707802660000000000000000027
1.166453423129117039639999999999999999696
-12.50511036560931010800000000000000000254
12.78286555741475538640000000000000000003
0.210165018796189706496000000000000000008
0.3949082632871055431600000000000000000001
0.1171715261115956474569999999999999999969

157130 128 1554 1722
2.157864011927357082558305753225691119316e-06
-61336.48842899938514846796789888979378322
61337.00293225599625483663926985994259287
-4514.032431602654606559218233869295630505
4514.298028792110298019867297376575752068
0.3532836453224164341642066574117097474284
-26313.4712609781098859682380638433578719
26313.90331992184225694031440099446085908
-0.8788301503996210686645050761393846641336
1.446771223669811380917738722121235836932
-12546.32905468372790855034301969959608443
12546.62096779440140425485952129937391082
0.1172902945946325140436638360507758097933
0.4676142096345094815053795503593343000466
0.1231823850973622999342059643523881719656

