0 64 -348 -419
0.802479930656176509984
0.559175618818133157717
0.482031949165122819423
0.899160285402654690934
0.911149820611897642841
0.912816833184874609763
0.305123643982892878146
0.158485668056138645499
0.565936841688457481503
0.266743408596754605355
0.622325741862735482002
0.694833350107819436303
0.0546316118155031615888
0.869600348389913069269
0.395795339107825772107

2338 64 933 944
0.00284686568723485590102
-57.1547928495052062203
57.728105993321690903
-16.0095232543820493731
16.1676265085906791796
-0.0744088482667712991514
0.703621254362353787393
3.83396272754065980948
1.6035905307050333235
-5.14116912582058649406
-23.7738261012364482383
24.7571709686081007362
0.626770611725526283209
-0.742436362083328083017
0.132320882988069932207

2338 128 933 944
0.002846865687234855901020000000000000000354
-57.15479284950520622029999999999999999848
57.72810599332169090300000000000000000056
-16.00952325438204937310000000000000000257
16.16762650859067917960000000000000000121
-0.07440884826677129915139999999999999999999
0.7036212543623537873930000000000000000069
3.833962727540659809479999999999999999866
1.603590530705033323500000000000000000021
-5.141169125820586494059999999999999999839
-23.77382610123644823830000000000000000004
24.75717096860810073620000000000000000066
0.6267706117255262832090000000000000000028
-0.7424363620833280830170000000000000000009
0.1323208829880699322070000000000000000001

210632 128 1511 503
3.684643862094997804747954895327289518358e-06
-45018.12291205271469632805721934328265832
45018.69889445934506730851445155538035723
-11102.88571798367753380375375002191631621
11103.02470379378707663939950401068699018
-0.06646210317418672992374533892166866331801
-595.2637044712862312321803711551875000577
600.4158042502189098850572304451208499844
1.58684977657279199341900393185846287273
-5.738949547957895851913084321891975463443
-18970.66152704723779034296700134017301431
18971.72414336179820930064828958232772416
0.620662757329523519447734510834493743226
-0.8149903139117896745696587107218158501262
0.1317112420218595777400823355614487484834

293895 128 1555 1634
2.231945106918003315636087714230210209112e-06
-74320.1419781977347302168306441815811028
74320.71796389016211434133747617015863337
-18327.32195627869058865172590424963996791
18327.46092392363101747651993087162291849
-0.06645462094725458642320735258427589801863
-981.4074050455921218872901866298432776595
986.5601447214088906630959940939631677209
1.586830426356772289337186527298861783243
-5.739570097606230760053504423285600507218
-31318.47351675124237842455777443112994705
31319.53621465980773513804564573186735093
0.6206557509422812713210017685964421882515
-0.8150641037462187185077448621801774857137
0.131710444238580733699686950010663959393

