0 64 -157 -266
0.528415959806038060265
0.442285050738899454537
0.546728460747285094357
0.814351455345294072963
0.830085138302917080466
0.831081794119216676897
0.323706702687441616462
0.325995572697030944198
0.135072448079976287216
0.812721155886625856724
0.186117354535350637557
0.532513329683353631161
0.942976628929445115368
0.0120377095877628806364
0.238990755165413126804

1659 64 943 960
0.00248454005144781208195
-52.6415348103147096026
53.1552178690328673838
-1.04914199096560500912
1.30039718080413568835
0.372034927119459180034
-25.0028013085485589784
25.4479625239030653461
-0.827888922457507447916
1.38274404084645041735
-10.6479343242413584392
10.9396182593917856707
0.135585190149820983274
0.450109280405062761599
0.122621594296582758776

1659 128 943 960
0.002484540051447812081949999999999999999962
-52.6415348103147096025999999999999999998
53.15521786903286738380000000000000000015
-1.049141990965605009119999999999999999868
1.300397180804135688350000000000000000141
0.372034927119459180033999999999999999999
-25.00280130854855897840000000000000000153
25.44796252390306534610000000000000000115
-0.8278889224575074479160000000000000000019
1.382744040846450417349999999999999999858
-10.64793432424135843920000000000000000215
10.93961825939178567069999999999999999991
0.1355851901498209832740000000000000000063
0.4501092804050627615990000000000000000014
0.1226215942965827587760000000000000000173

155754 128 1555 1600
2.144032629963748777840473594200853008185e-06
-61733.32208411344503685629614645148100777
61733.83659213105358584386285530945076368
-4588.522164609852926874311700334520554082
4588.787965679939237235156758252956436487
0.353022781501079407527865213912147454569
-26449.91151998037350032302370166368178096
26450.34346914143753543045053957866641616
-0.8796940292252259930896808916051908133948
1.447744885056032831672923549304796661835
-12628.25018246780378407446908961938846778
12628.54210859437667380914306377853812284
0.1170045110019146887634865100822904793917
0.4678811373841246766700051781225476729419
0.1231882250410708998933354652353420425175

