0 64 -205 -320
0.57991687289496451907
0.70694199699798687675
0.92364679128661475449
0.0162085571146725442027
0.589080357072995886014
0.369616110066911696119
0.860196548213647882442
0.28138199410023284619
0.979619324233776844757
0.683052296882227905073
0.20616217429026029162
0.0908083771833347735969
0.162122323379390531617
0.400568294509431432893
0.124030950867529618509

1599 64 956 851
0.00185870570726514661511
-60.4209905881126871918
60.8968695915074746949
-59.3146157398981870301
59.7860979025539407417
0.0111383629849906226617
-22.5779831170423683773
23.3056505957230797321
-48.2353453433956858021
48.5076897545417367041
-19.4997169979574884735
19.857370283492649321
-12.2586117221467016947
12.7648147258348707567
0.136143710773558246352

1599 128 956 851
0.001858705707265146615109999999999999999973
-60.42099058811268719179999999999999999921
60.89686959150747469489999999999999999836
-59.3146157398981870301000000000000000012
59.78609790255394074169999999999999999793
0.01113836298499062266169999999999999999933
-22.57798311704236837729999999999999999699
23.30565059572307973209999999999999999949
-48.23534534339568580210000000000000000061
48.50768975454173670409999999999999999849
-19.4997169979574884734999999999999999999
19.85737028349264932100000000000000000073
-12.25861172214670169469999999999999999746
12.7648147258348707566999999999999999981
0.1361437107735582463519999999999999999981

140274 128 1533 867
2.759214297037868711824033095505831571798e-06
-47954.29719296943399042841399861419721261
47954.81161975922417374812902630916708674
-3806.969428051725684998444677386283512887
3807.236547713536524810728455885083674036
0.3513150622052079596980679193006822937906
-20425.76668030556663387300641110555845479
20426.19841796859893036563577200212341914
-0.8865319117559507377979525727337712909156
1.454794270465721171047581473156806768278
-9817.499799609116999514719486191144622542
9817.791807941251661957537415716812563481
0.1149413989348398626020349328758183551114
0.4698241933514319427937730618209239880812
0.1232260755790762616269249596547344078221

168354 128 1558 1587
2.065635356441735941094730709629267622412e-06
-64061.86828306338988390609507564806022472
64062.38273309449035313309759582522646898
-5006.204244247048952278390103489491993465
5006.471042846377802395572259423037301429
0.3517315252827708134308826910037883591212
-27323.78699987848416046193151732877173055
27324.21877280610318261283468474560937537
-0.8848223780586580586353352230476512236387
1.45304946672499654773614842428583698514
-13112.41774204839911581170884263665073413
13112.70973022168421582582124326728463526
0.1154519357961023092126564722634604638304
0.4693430157271626923101163029347314068867
0.123216875191634984364819579789114859083

168355 128 1558 1587
2.065635356441735941094730712860442984065e-06
-64061.86828306338988390609507564806022472
64062.38273309449035313309759582522646898
-5006.204244247048952278390103489491993465
5006.471042846377802395572259423037301429
0.3517315252827708134308826910037883591212
-27323.78699987848416046193151732877173055
27324.21877280610318261283468474560937537
-0.8848223780586580586353352230476512236387
1.45304946672499654773614842428583698514
-13112.41774204839911581170884263665073413
13112.70973022168421582582124326728463526
0.1154519357961023092126564722634604638304
0.4693430157271626923101163029347314068867
0.123216875191634984364819579789114859083

