0 64 -239 -316
0.639134626144751583077
0.84394768981787993134
0.600578728366829239782
0.628449230352518761755
0.46307154946821943442
0.574299130802311652566
0.299807320195322690726
0.876386012067735031827
0.433770631415066609815
0.492704534303101682191
0.885804233537044627411
0.453958242354971508448
0.833272768001415475858
0.859848015801058407348
0.069204993450341520389

5731 64 975 970
0.00255941156813119198229
-10.0072088580778402189
10.2366303339083390966
142.509202411059789029
-144.560076409482945792
2.78348767082920467431
-668.753928308772401579
678.473190689888724592
-10.2358842582150959544
1.5166010184055858101
5.06942295372536566589
-5.11520997584288306115
0.542966244176277146316
0.427454147758051350436
0.0753666301818736172891

5731 128 975 970
0.002559411568131191982290000000000000000273
-10.00720885807784021889999999999999999966
10.23663033390833909660000000000000000135
142.5092024110597890289999999999999999605
-144.560076409482945792000000000000000003
2.78348767082920467430999999999999999998
-668.7539283087724015789999999999999999998
678.473190689888724592000000000000000006
-10.23588425821509595440000000000000000051
1.516601018405585810099999999999999999985
5.069422953725365665889999999999999999985
-5.115209975842883061149999999999999999962
0.5429662441762771463159999999999999999934
0.4274541477580513504360000000000000000028
0.07536663018187361728910000000000000000177

170928 128 1559 1629
2.0455508844794969278398154376758898088e-06
-64674.44862403946642195236645164894053085
64674.96300876429545076113870650174550281
-4374.709425211043323273637836495908662483
4374.973306577030044087874208632861856767
0.3554645942783072571910639597512297283203
-28090.56609261008449289324971119721493265
28090.99942492744373186531149907847901152
-0.8724642290499258113301806007568863268749
1.439131927802024266088871360744955696103
-13226.42368638467459582158045394406120221
13226.71548812938286223197994069109007578
0.1195375009517482900940437706793251445029
0.4655275445034574139088389081775941174787
0.1231332098365278855975883346479664256692

