0 64 -298 -365
0.0365557842589136136602
0.845704279259265723212
0.628909867736883176903
0.301504976976624372575
0.722307610953571987977
0.747326525585240375449
0.216328621213909694232
0.340153449180760181214
0.389127865853778454053
0.802539196843031654716
0.605097354454655400602
0.330774558923373485086
0.854466751180168460067
0.978145050200002752483
0.863055061840306447785

1656 64 941 1009
0.00252486603155650324651
-51.8757887326126265748
52.3898823467449403779
-2.5099346241306403904
2.76925533249128896784
0.361783541016245546729
-23.3854918691682094334
23.8252630824511335561
-0.856676798313621423731
1.41692165798759517337
-10.5079223772958396665
10.800138912528343127
0.125479458890723954978
0.459448469529235570263
0.122855536347637780969

1656 128 941 1009
0.002524866031556503246509999999999999999965
-51.87578873261262657480000000000000000003
52.38988234674494037790000000000000000014
-2.509934624130640390400000000000000000034
2.769255332491288967839999999999999999897
0.3617835410162455467290000000000000000092
-23.38549186916820943339999999999999999934
23.82526308245113355609999999999999999989
-0.856676798313621423730999999999999999974
1.416921657987595173369999999999999999859
-10.50792237729583966649999999999999999796
10.80013891252834312700000000000000000266
0.1254794588907239549779999999999999999996
0.4594484695292355702629999999999999999798
0.1228555363476377809690000000000000000172

160832 128 1559 1715
2.056782158287876420665269246441891201532e-06
-64352.0944021758159264342084067506821754
64352.6089100812699772658480006547319385
-4785.336778930702771618122441605758673537
4785.60258907168116783697402196779330915
0.3530110995351278341223453904440841389815
-27570.55473248257037622477992922252152405
27570.98667808835598687005862262784553796
-0.8797359661388080466265271864965746768931
1.447790376560613831912185646372038940906
-13164.00451892255946377208827933643462947
13164.29644559666066984997513101067475567
0.1169911956755167160001117483768789166294
0.4678936401372680304269477836816492214366
0.1231884900860091756861672115281228903055

160835 128 1559 1715
2.056782158287876420665256009940662072318e-06
-64352.0944021758159264342084067506821754
64352.6089100812699772658480006547319385
-4785.336778930702771618122441605758673537
4785.60258907168116783697402196779330915
0.3530110995351278341223453904440856797254
-27570.55473248257037622477992922252152405
27570.98667808835598687005862262784553796
-0.8797359661388080466265271864965746768931
1.447790376560613831912185646372038940906
-13164.00451892255946377208827933643462947
13164.29644559666066984997513101067475567
0.1169911956755167160001117483768800721873
0.4678936401372680304269477836816504732911
0.1231884900860091756861672115281259717934

