0 64 -218 -311
0.506348166585871450884
0.384645662195953252915
0.0108400428342463744924
0.84703735185607920144
0.970946871548192591561
0.645180109799328826981
0.200252449926021258708
0.577283345090620958473
0.164488323792195134665
0.821220941775181345612
0.0178503989266671145297
0.452001279921828758024
0.742096780275472323041
0.255342829272378113448
0.15015046011097804568

1671 64 943 948
0.00251808272049930826492
-54.1164418363108694621
54.6407118320807967393
4.81126461831219209841
-4.58193225806059434291
0.400619117464130924944
-23.108718659806957163
23.5176315095890515749
-0.645579630364548462396
1.23668243486372353424
-10.4703369157360413055
10.761556993032121099
0.178111554517904835393
0.408452693897338237061
0.122215674288603554087

1671 128 943 948
0.002518082720499308264919999999999999999949
-54.11644183631086946210000000000000000074
54.64071183208079673930000000000000000007
4.811264618312192098410000000000000000313
-4.581932258060594342909999999999999999936
0.4006191174641309249439999999999999999852
-23.10871865980695716300000000000000000028
23.51763150958905157490000000000000000077
-0.645579630364548462395999999999999999982
1.236682434863723534239999999999999999802
-10.47033691573604130550000000000000000031
10.76155699303212109900000000000000000274
0.1781115545179048353929999999999999999986
0.4084526938973382370609999999999999999775
0.1222156742886035540870000000000000000166

161125 128 1559 1628
2.036964814819949014582063071981531778331e-06
-64978.64140464612801955158435753058040377
64979.1559144124919731066985370467264441
-4825.21946346070622781865140812859313072
4825.485246845061878084901215725783699632
0.3530457732985924032640588255408416995723
-27842.17218454899056023038472018881310129
27842.60413351790853338692155687123734585
-0.8795956863617794496210286767863789342988
1.44764673349481750884642071039503891762
-13291.94523858218572472371914170589433296
13292.23716359779627203572982330881113381
0.1170332360961717386746428930598853930754
0.4678540245792309466641983641230302110266
0.1231877237140500026505958324960427793692

