0 64 28 -109
0.555146238193360286317
0.411661655473498089286
0.333529383113415511808
0.0356495884696712422857
0.278887875634316328988
0.260653553813315230769
0.209239021579841810716
0.310639271980382603022
0.288070278957190395452
0.835988414044731675823
0.723339133422024938014
0.216155010595075053326
0.0206407627481017090509
0.425044172834967814989
0.0797218482590495713946

1510 64 942 942
0.0024866628777204043306
-52.9904508352681204997
53.506048343563087144
-3.01287677203315951147
3.27564074889159639881
0.357615116127474264029
-22.6910395733596956802
23.1225758425757845771
-0.855415715433069934193
1.42389542201963958945
-10.6887423878818701439
10.9812086321658721744
0.123357506498959559882
0.461216959621850219886
0.122959289595150192409

1510 128 942 942
0.002486662877720404330599999999999999999994
-52.99045083526812049970000000000000000119
53.50604834356308714399999999999999999966
-3.012876772033159511470000000000000000294
3.275640748891596398809999999999999999916
0.3576151161274742640290000000000000000469
-22.69103957335969568020000000000000000014
23.12257584257578457710000000000000000027
-0.8554157154330699341929999999999999999792
1.423895422019639589450000000000000000015
-10.68874238788187014390000000000000000033
10.98120863216587217440000000000000000223
0.123357506498959559882000000000000000006
0.4612169596218502198859999999999999999893
0.1229592895951501924089999999999999999999

161268 128 1559 1601
2.040989200365439097835129099569360948464e-06
-64850.07232859970560542467089845010516179
64850.58683660299301019618038954538440315
-4823.296526912942879585246025445921133776
4823.56234103459265127058253860453695388
0.3530060037811909015794272010526846680764
-27783.20780749737680967246584611941010218
27783.63975091934522505665058362932296178
-0.8797527924472537451658842422767501471758
1.447809386561840714108320276208846425427
-13265.88780821626749870343668872011195534
13266.17973514029698206813795456618165714
0.1169856196185254453929499473461335857289
0.4678988513432837229462134285490307959996
0.1231886050087074669600213586982510240814

