0 64 -170 -259
0.707996891267613559506
0.399181219650058760617
0.0876054428931023893012
0.501616070699354432705
0.326107546368253065072
0.077927643065245688625
0.745288818790310281237
0.0383857472610082128828
0.76021269984524930674
0.225094026190217871841
0.623487625300682024587
0.812791398980045820544
0.567673644598843285536
0.201019979057212666573
0.535085708940954640767

1800 64 960 989
0.00206664716793617799992
-66.9469336596456798816
67.4747796184219765792
5.41415179502051113758
-5.18026998537702532133
0.394872496345946066842
-25.5751356153318596398
25.9660771640048189113
-0.626578547458027212969
1.23565030228492345188
-12.8382845144568786822
13.1298956635972032814
0.178362672458118542984
0.407575594773416760574
0.12245058362709311528

1800 128 960 989
0.002066647167936177999919999999999999999973
-66.9469336596456798816000000000000000015
67.47477961842197657920000000000000000252
5.414151795020511137580000000000000000028
-5.18026998537702532132999999999999999993
0.3948724963459460668419999999999999999983
-25.5751356153318596398000000000000000006
25.96607716400481891129999999999999999956
-0.6265785474580272129690000000000000000456
1.235650302284923451879999999999999999957
-12.83828451445687868220000000000000000172
13.12989566359720328140000000000000000036
0.1783626724581185429839999999999999999989
0.4075755947734167605740000000000000000099
0.122450583627093115279999999999999999995

164460 128 1561 1597
2.0070833740997847394299287711789254756e-06
-65946.29263453882456615458627267425898908
65946.80714525256069413130084534131887357
-4896.952827407754374232694146635519817257
4897.218611000548215171676148276370860822
0.3530456681016482437228204998113336475773
-28256.18364261707673602711735745535420692
28256.61558726040917035458288096296623544
-0.8795863986917446896601717539988727289867
1.447641771174897283093064890311102164753
-13489.84097283920342034963041155283809772
13490.13289788099272096323143807887503321
0.1170346524296686197399109037310193950599
0.4678525748210791603524333454619061041223
0.1231877309599516063073813252210762381921

164462 128 1561 1597
2.007083374099784739429925462254580707513e-06
-65946.29263453882456615458627267425898908
65946.80714525256069413130084534131887357
-4896.952827407754374232694146635519817257
4897.218611000548215171676148276370860822
0.3530456681016482437228204998113336475773
-28256.18364261707673602711735745535420692
28256.61558726040917035458288096296623544
-0.8795863986917446896601717539988727289867
1.447641771174897283093064890311102164753
-13489.84097283920342034963041155283809772
13490.13289788099272096323143807887503321
0.1170346524296686197399109037310193950599
0.4678525748210791603524333454619061041223
0.1231877309599516063073813252210754678201

