0 64 -143 -228
0.817557987841094124803
0.430019754695939060429
0.176878852487851095932
0.170726261849554417083
0.417811105548060057746
0.5373829330157645634
0.63828719038237258232
0.12499772781960506729
0.470322197772933048299
0.310230835675711413835
0.0534575677240637717191
0.0446487695206823770322
0.609659384456183506273
0.843782912947088292732
0.351317065063562639082

1676 64 944 1055
0.00241662589559392144284
-54.4944751374345557338
55.0098621609024931445
-3.52569233160371009461
3.79040409854649062993
0.355069992472873796618
-23.1747984766465187079
23.6063262414219039442
-0.866155170887866643348
1.43464304723022251231
-11.0116778485874373672
11.3042392417690269468
0.120229944351086359688
0.4641903998938146092
0.123018262573795084114

1676 128 944 1055
0.002416625895593921442840000000000000000085
-54.49447513743455573379999999999999999961
55.00986216090249314450000000000000000081
-3.525692331603710094610000000000000000051
3.790404098546490629930000000000000000083
0.3550699924728737966179999999999999999936
-23.17479847664651870790000000000000000132
23.60632624142190394420000000000000000084
-0.8661551708878666433480000000000000000017
1.434643047230222512309999999999999999922
-11.01167784858743736720000000000000000004
11.30423924176902694680000000000000000099
0.12022994435108635968799999999999999999
0.4641903998938146092000000000000000000056
0.1230182625737950841140000000000000000066

163212 128 1561 1691
2.006454179700460562047806824835857721229e-06
-65966.26286432770448861495063429753961408
65966.77737227381185369087151435999476341
-4906.778928169559675167237422388832441035
4907.044744156980000736228005831156716165
0.353003591465563267767483791791105651412
-28261.13698938556632993020266298363617671
28261.5689322068202757453494033296799645
-0.8797617814928510553696571383683047376018
1.447818976049821465331847774909759454256
-13494.23251569825543055536330748491786603
13494.52444272947030218380251868423185517
0.1169828182008551433085833881946340722707
0.4679014900719784240802536345720913557371
0.1231886605122948041722513677287519436306

