0 64 -229 -313
0.652608907009275540645
0.302607174693888258954
0.856321946548461165882
0.93545595036268514022
0.561428901914402422868
0.40143982918589837805
0.901197625640136057434
0.159349468311282160826
0.291536523946131609364
0.913826203397058001165
0.315714145665965784104
0.171653058470887714959
0.820493974438378126379
0.189730154029166986351
0.264042488370827388433

2014 64 933 985
0.00287410261299874498706
-41.4099573411094326048
41.9004711496635238177
6.83512755644123704002
-6.65126740839334473776
0.454236241508880589368
-38.0097878093866583527
38.5983617382235451032
-0.85576598033223494344
1.26720868636729155909
-8.84312925325128418308
9.12874484804976837893
0.173338956147447986744
0.420856668467962213853
0.120188780584666685125

2017 64 933 1012
0.00287410261289008798005
-41.4099573411094610265
41.900471149663545134
6.83512755644120861831
-6.65126740839336960676
0.454236241508849447612
-38.0097878093866867744
38.5983617382235379978
-0.855765980332254594387
1.26720868636727335144
-8.8431292532512753013
9.1287448480497612735
0.17333895614744318503
0.420856668467949390777
0.120188780584613061353

2017 128 933 1012
0.002874102612890087980049999999999999999825
-41.40995734110946102649999999999999999886
41.90047114966354513400000000000000000046
6.835127556441208618309999999999999999992
-6.651267408393369606760000000000000000024
0.4542362415088494476120000000000000000113
-38.00978780938668677440000000000000000242
38.59836173822353799779999999999999999851
-0.8557659803322545943870000000000000000001
1.267208686367273351440000000000000000343
-8.843129253251275301300000000000000000049
9.128744848049761273499999999999999999987
0.1733389561474431850299999999999999999779
0.4208566684679493907770000000000000000061
0.1201887805846130613529999999999999999982

164660 128 1562 1629
1.978680738162537652799156080170743615563e-06
-66891.8958810913868915073161906257273262
66892.4103878891909872982592409930930739
-4957.44106509142030403636105813558366161
4957.706805964773382145440332864074882224
0.3530998030118295968087494583562798208979
-28670.81374291830501363900330622731478564
28671.24572345386410985082357279138113579
-0.879436741632810809959339016257437534163
1.447456221665478641539001343890462826814
-13683.25364273239978174894534279792252962
13683.5455649719287835417437527875640737
0.1170892658018228890246565474200644292297
0.4678019840456094278172528426831553337905
0.1231865106235658903602178444263327905306

164661 128 1562 1629
1.978680738162537652799156079362955652621e-06
-66891.8958810913868915073161906257273262
66892.4103878891909872982592409930930739
-4957.44106509142030403636105813558366161
4957.706805964773382145440332864074882224
0.3530998030118295968087494583562798208979
-28670.81374291830501363900330622731478564
28671.24572345386410985082357279138113579
-0.879436741632810809959339016257437534163
1.447456221665478641539001343890462826814
-13683.25364273239978174894534279792252962
13683.5455649719287835417437527875640737
0.1170892658018228890246565474200644292297
0.4678019840456094278172528426831553337905
0.1231865106235658903602178444263327905306

