0 64 -23 -93
0.0467962427604202910181
0.210544735936154858713
0.0400785140547847418269
0.15678291977253105971
0.494697689400631301915
0.323038179879152231866
0.63650263406396523358
0.0744990113263035158564
0.334472630764489908817
0.107774638477813267112
0.0582953988574587411708
0.880050348856092679029
0.906232834387411756438
0.120743472609367671899
0.24176193799609274615

1633 64 950 973
0.00226981082204056033164
-57.5953840427951249126
58.1087604680134077739
-1.90869156421200614204
2.16322462121100977939
0.367746215964571798729
-27.0336632365270546074
27.4784475283771634224
-0.844254880354546322074
1.39948578423696390338
-11.686955006296159354
11.9787726924866504419
0.130719056952954160167
0.454734784440586292664
0.122728472416521489086

1633 128 950 973
0.002269810822040560331639999999999999999914
-57.59538404279512491260000000000000000013
58.1087604680134077738999999999999999994
-1.908691564212006142039999999999999999923
2.163224621211009779389999999999999999889
0.3677462159645717987290000000000000000027
-27.03366323652705460739999999999999999869
27.47844752837716342240000000000000000134
-0.8442548803545463220740000000000000000117
1.39948578423696390338
-11.68695500629615935399999999999999999925
11.97877269248665044189999999999999999893
0.13071905695295416016700000000000000002
0.4547347844405862926639999999999999999956
0.1227284724165214890860000000000000000227

166935 128 1563 1574
1.958477925093419508404734681818398565844e-06
-67582.22788555992991224864999540454440406
67582.74239349704181952488786488195861563
-5024.094114251665566681284882416573575446
5024.359918561656464983601927987366527896
0.3530185701534550300988608887557281475477
-28955.39808914843477671645202133522790308
28955.83003702700994628730781592160880724
-0.8797093936967000401316302577003773754729
1.44776153055437528539267923641103002008
-13824.74019014015538590686165985020654012
13825.03211641791760813980281825572378333
0.1169996767729938311865394576073839192875
0.4678857167146243333835514856521533693351
0.123188328750159602488942884386129930175

166937 128 1563 1574
1.958477925093419508404735508998998744866e-06
-67582.22788555992991224864999540454440406
67582.74239349704181952488786488195861563
-5024.094114251665566681284882416573575446
5024.359918561656464983601927987366527896
0.3530185701534550300988608887557281475477
-28955.39808914843477671645202133522790308
28955.83003702700994628730781592160880724
-0.8797093936967000401316302577003773754729
1.44776153055437528539267923641103002008
-13824.74019014015538590686165985020654012
13825.03211641791760813980281825572378333
0.1169996767729938311865394576073839192875
0.4678857167146243333835514856521533693351
0.123188328750159602488942884386130122768

