0 64 -279 -359
0.0724191983460039240272
0.0545473689681089668468
0.376490418413655103524
0.301772656118723558993
0.933248370957478701193
0.784455074153302067685
0.818854295784013475057
0.212320741607054913613
0.491633800482388971798
0.796403369049903386845
0.836814502324632170094
0.918054283024794082202
0.395583391962675501308
0.186523538964895790881
0.613135839853080066852

1831 64 949 1046
0.0022942188558782096626
-57.0768508090076238659
57.5906771005402760011
-4.10217430305383867761
4.36759223087683512432
0.35386071434540294911
-24.9880838728106979829
25.4260806220098771746
-0.886073217928300405077
1.44809135178157211143
-11.6101958488982948126
11.902730476862229736
0.116391654819892373385
0.468027614876450615
0.123046102338963569967

1831 128 949 1046
0.002294218855878209662600000000000000000258
-57.07685080900762386589999999999999999993
57.59067710054027600109999999999999999951
-4.10217430305383867760999999999999999999
4.367592230876835124320000000000000000028
0.3538607143454029491100000000000000000119
-24.98808387281069798290000000000000000026
25.42608062200987717460000000000000000026
-0.8860732179283004050769999999999999999898
1.448091351781572111429999999999999999854
-11.61019584889829481260000000000000000201
11.90273047686222973599999999999999999735
0.1163916548198923733850000000000000000219
0.468027614876450614999999999999999999989
0.1230461023389635699670000000000000000138

165532 128 1563 1703
1.964193741403339999309390281458464801495e-06
-67385.51637206654422259011029558428585462
67386.03087983014576275358762340033264633
-5012.405697812227002428723964179492047564
5012.671513880237601613530273830611416116
0.3530034468758883315733845044142222525473
-28869.2676831567399486440543792601106394
28869.69962669915411199414572366732972644
-0.8797640978612527144793996602351223943824
1.447820570925022682609613616848242869776
-13784.5706862087546013527506112890757522
13784.86261322906802584053575451028238622
0.1169823692262299299579828896498045666198
0.4679019450755605242945002153842430101098
0.1231886653847850579625370178202485655525

