0 64 -222 -323
0.182851753892756707653
0.227756968686050248474
0.401735640005057625945
0.260432392995828876359
0.983476751959366457534
0.526998656671044951594
0.889535987440511100033
0.800996793666748252427
0.407693705420377916493
0.543803026411529999429
0.211925758430939498167
0.843290204585387948022
0.781047250782896718135
0.943424090898718037401
0.0277465927234275891444

1550 64 925 1013
0.00318411604008012006847
-40.7383184411385528279
41.2504813627500155349
9.18319205478774769347
-8.99947798544863708514
0.457449929369648011779
-27.217718412340296652
27.7038327850563739219
-0.63610345672309276388
1.15000724560878286873
-8.06324439875833931524
8.35109543906514417699
0.20514202231441097668
0.386433137263823334173
0.120573800115833310032

1550 128 925 1013
0.003184116040080120068469999999999999999871
-40.73831844113855282789999999999999999761
41.25048136275001553490000000000000000016
9.183192054787747693469999999999999999908
-8.999477985448637085139999999999999999955
0.457449929369648011778999999999999999994
-27.21771841234029665199999999999999999957
27.70383278505637392190000000000000000217
-0.6361034567230927638799999999999999999949
1.150007245608782868730000000000000000006
-8.063244398758339315239999999999999999681
8.351095439065144176990000000000000000104
0.2051420223144109766799999999999999999978
0.3864331372638233341730000000000000000101
0.1205738001158333100319999999999999999705

171366 128 1566 1719
1.897745946911078725014069961811845444114e-06
-69745.25540103547756478846317088139926165
69745.76990983975857861287342479790715111
-5172.197951487338143430798563555366878198
5172.463706753301674317423441001801225426
0.3530816680814558939313118170695116712883
-29890.03304251128693984973209983132474924
29890.46500779684089295534034982651674592
-0.8794797178520442352613514632585713066136
1.447514447252097553681822276636849852376
-14266.90421432906822037526213543371559427
14267.19613750277996473453677400877993941
0.1170721112499741831249931874039995918073
0.4678177883034306583835504344164209342727
0.123186926734850799217227457948052231099

171367 128 1566 1719
1.897745946911078725014069961407945585171e-06
-69745.25540103547756478846317088139926165
69745.76990983975857861287342479790715111
-5172.197951487338143430798563555366878198
5172.463706753301674317423441001801225426
0.3530816680814558939313118170695116712883
-29890.03304251128693984973209983132474924
29890.46500779684089295534034982651674592
-0.8794797178520442352613514632585713066136
1.447514447252097553681822276636849852376
-14266.90421432906822037526213543371559427
14267.19613750277996473453677400877993941
0.1170721112499741831249931874039995918073
0.4678177883034306583835504344164209342727
0.123186926734850799217227457948052231099

