0 64 -297 -377
0.739190596419556977814
0.956422782050510567053
0.187701853172119764723
0.112156175589163228934
0.201793894353486991111
0.131293665560362038391
0.888561389602866014137
0.520720164982285460553
0.747438197529335490721
0.198642499726770171975
0.805542909022863407031
0.0996622065767751863508
0.675632496265841542282
0.790201540894200249454
0.822853808885293136477

4320 64 1034 831
0.748395757607196565608
0.243050185825605086221
0.106898391383382307396
-4.90352372629045341057
-2.09267702101870689546
7.99539059905493498803
-4.94581027307511167379
-2.11547071190496005499
8.06206710452674357725
-0.000802435602517145006064
0.111138107218424680989
0.220723043951401409757
0.492732455109214539934
16.4050637275801349801
-16.2296573338563163702

4320 128 1034 831
0.7483957576071965656079999999999999999892
0.2430501858256050862209999999999999999888
0.1068983913833823073960000000000000000015
-4.903523726290453410569999999999999999997
-2.092677021018706895460000000000000000023
7.995390599054934988029999999999999999903
-4.945810273075111673789999999999999999965
-2.115470711904960054990000000000000000175
8.062067104526743577249999999999999999977
-0.0008024356025171450060639999999999999999942
0.1111381072184246809889999999999999999833
0.2207230439514014097570000000000000000047
0.4927324551092145399339999999999999999782
16.40506372758013498010000000000000000231
-16.2296573338563163701999999999999999998

123430 128 1575 1312
0.8427279300622082114862978164148876058009
0.262145973767245318811857149318458987123
0.09281041397711814905147089084728304349799
-168.1625482632763599776283454574315188799
-54.8675436668646229346087258828316583378
224.0300902318562684180322955989243061353
-168.1658281225586488715598031085677040123
-54.86903197665416110367959156383024226191
224.0348617266898459616742256085194406036
-1.662902927063906136278171777794527707268e-06
0.1111111689442241569195491106480131297385
0.3691861548594238942023983616907371457221
0.5121368062623189331733014834070199818906
286.004299627659021172993220266165835316
-285.9967337577249881572802824415555519242

