0 64 -289 -361
0.531584151862829590307
0.98885796955460836255
0.634849811531710828127
0.298764474294648862962
0.705142686731101475672
0.460091121158077875908
0.172798980272988983442
0.817922489879200242946
0.60328100178214383309
0.418177920093335098173
0.542318382295923551162
0.605706232404401467839
0.730165339410107416818
0.331073943714042140396
0.872869509613740768295

2063 64 948 872
0.667442664498506310622
0.218650247183822726837
0.124493514412241088052
-3.00390900297971841226
-1.47971201829373177894
5.48159115525717588469
-3.0665263528879185273
-1.51813497628386095961
5.58666181924476568099
-0.00204050128125583991878
0.111184793458900130214
0.197228082247273533989
0.464238861743917041736
9.18591026014526157439
-8.95856199759391103044

2065 64 948 873
0.667442664498506310622
0.218650247183822726837
0.124493514412241088052
-3.00390900297971841226
-1.47971201829373177894
5.48159115525717588469
-3.0665263528879185273
-1.51813497628386095961
5.58666181924476568099
-0.00204050128125575621837
0.111184793458900130214
0.197228082247273533989
0.464238861743917041736
9.18591026014526157439
-8.95856199759391103044

2065 128 948 873
0.6674426644985063106219999999999999999958
0.2186502471838227268369999999999999999949
0.1244935144122410880519999999999999999971
-3.003909002979718412260000000000000000139
-1.479712018293731778940000000000000000017
5.481591155257175884689999999999999999887
-3.066526352887918527300000000000000000021
-1.518134976283860959609999999999999999992
5.586661819244765680990000000000000000168
-0.002040501281255756218370000000000000000245
0.111184793458900130213999999999999999997
0.1972280822472735339890000000000000000016
0.4642388617439170417359999999999999999807
9.18591026014526157439000000000000000029
-8.958561997593911030440000000000000000159

112614 128 1576 1347
0.8427390321274087029426006409236822206083
0.2621478515950012668973826167057421498674
0.09280901105946086139746067786780423343892
-169.0012469092936016829752736466203828705
-55.13894653757341797597655676201662905422
225.1401917641466984982057975111445613813
-169.0045129588851403317071229980607927047
-55.1404285495514040990522252521269513067
225.1449431209974099379225458172243008108
-1.647662243413650220378461170455591584049e-06
0.1111111684145917634268751420145281708947
0.3692214780654022780418252313116655060675
0.5121385605115002114895741910142237509945
287.2270473137596925290432874750817186751
-287.2195185207511867819992341906079520274

