0 64 -243 -347
0.620772034826395757712
0.0674941706831982818349
0.815595620100242113537
0.437672545914205513018
0.671638779454370227207
0.280221558840499151977
0.775969874553756322477
0.592482834035520156135
0.613562441469987174258
0.972589822865573494504
0.689725794320547924698
0.993012153083151827282
0.382801593363054248886
0.915823898562132865386
0.132660965328447372213

2339 64 958 841
0.673491339131175870136
0.22085655901890824393
0.122909607649320948286
-3.09170544336179808909
-1.51108402148990417224
5.60097223924621356872
-3.14947402686753630263
-1.54622492061770899774
5.69748537399628407485
-0.00182217780807648779655
0.111176183858484545208
0.197323701592945294214
0.466951959005991179552
10.0807130516515996987
-9.85616489611413548744

2339 128 958 841
0.6734913391311758701359999999999999999767
0.2208565590189082439300000000000000000057
0.1229096076493209482859999999999999999988
-3.091705443361798089089999999999999999752
-1.511084021489904172239999999999999999865
5.600972239246213568720000000000000000007
-3.149474026867536302629999999999999999873
-1.546224920617708997740000000000000000012
5.697485373996284074849999999999999999997
-0.00182217780807648779654999999999999999992
0.1111761838584845452080000000000000000105
0.197323701592945294214000000000000000013
0.4669519590059911795520000000000000000051
10.08071305165159969870000000000000000254
-9.856164896114135487440000000000000000141

120921 128 1585 1338
0.8428498325496790618000681596646619943259
0.2621665879063772409480198100111076804636
0.09279501280599222330385070319946497372202
-177.8577076481406554978048222692709447274
-58.00490218073484700325512758857042800171
236.8626083086898248414756515345702404278
-177.8608132451216377457708534004825099139
-58.00631108773158774321747470049167740353
236.8671257896495861003377841042767124445
-1.488508693744700158301344154906983609387e-06
0.1111111628831793853143320314901831298433
0.3695744174974672541384341033821896530597
0.5121560627236122514896302085019793117487
302.2080444205854333281663552500269229553
-302.2008860636896922191091101474778062873

120922 128 1585 1338
0.8428498325496790618000681596646619943259
0.2621665879063772409480198100111076804636
0.09279501280599222330385070319946497372202
-177.8577076481406554978048222692709447274
-58.00490218073484700325512758857042800171
236.8626083086898248414756515345702404278
-177.8608132451216377457708534004825099139
-58.00631108773158774321747470049167740353
236.8671257896495861003377841042767124445
-1.488508693744700158301344147493940074909e-06
0.1111111628831793853143320314901831298433
0.3695744174974672541384341033821896530597
0.5121560627236122514896302085019793117487
302.2080444205854333281663552500269229553
-302.2008860636896922191091101474778062873

