0 64 -295 -378
0.346324761003377112889
0.0762362606055992375609
0.0245740325523087464743
0.287591996106792924248
0.0867109134006525394955
0.544648393503359029566
0.456504307103568929271
0.892475165829823335883
0.332463569609656783843
0.677281124014303848035
0.651155398711590782668
0.357723906851867501366
0.434807645917625884557
0.672682929288452191585
0.849924897880283691798

2356 64 928 847
0.5398818453084374136
0.132558289642884796766
0.186173897001263466411
-1.8729494225367873117
-0.739147707197187919803
3.60976892204430166444
-1.9154730627808471688
-0.764925172776000250607
3.68269523303676127313
-0.00234361056260173634264
0.11124082775129583156
0.266966260720818249208
0.356631971552369642087
10.0584904867715199117
-9.79332954679052392066

2356 128 928 847
0.5398818453084374135999999999999999999959
0.1325582896428847967660000000000000000162
0.186173897001263466410999999999999999998
-1.872949422536787311699999999999999999971
-0.7391477071971879198029999999999999999906
3.609768922044301664439999999999999999865
-1.915473062780847168799999999999999999874
-0.7649251727760002506070000000000000000203
3.682695233036761273129999999999999999855
-0.002343610562601736342639999999999999999787
0.1112408277512958315600000000000000000208
0.2669662607208182492079999999999999999994
0.3566319715523696420869999999999999999795
10.05849048677151991169999999999999999982
-9.793329546790523920659999999999999999974

125796 128 1585 1443
0.8428562493240281006274946235334460553268
0.2621676727514675987648159085013148975063
0.09279420228250619119838612603570169276869
-178.3993399448965361003016746154362157755
-58.18017496677800382951258365717995407948
237.5795134009823105043687919015264473717
-178.4024355687493085798733081387775614515
-58.18157933211931978615854871890286599933
237.5840163485670213457873020735110474192
-1.479212766029469660609903021373204993416e-06
0.1111111625600709883925186490092030277842
0.3695948799437944251228986905691129613923
0.5121570760267551963326875853087098547097
303.189874685168050232200551334688145031
-303.1827378036986708420486509999426858582

