0 64 -332 -409
0.312239871828906334628
0.586745865553445655749
0.135367371915588924347
0.082600326788678263279
0.646386286127914488908
0.635836341969542195862
0.614286395467478874011
0.255790675203330430953
0.842745204378167911408
0.933203801352673778524
0.942531855342689017796
0.1640533572821656072
0.290338826752635281725
0.714961936086381366628
0.767377830103087799074

2582 64 961 835
0.652760869364512053004
0.212754078658004830427
0.128679461092545632805
-2.82508518909866879198
-1.41251821066575344865
5.23587587581820024241
-2.87474061077276532572
-1.4435586038794143704
5.31999571781331681564
-0.00173012046960725339624
0.111175428278623381062
0.198571776217052908819
0.456949938012936485165
11.1772649946154505329
-10.9439621371244442116

2586 64 961 835
0.652760869364512053004
0.212754078658004830427
0.128679461092545632805
-2.82508518909866879198
-1.41251821066575322661
5.23587587581820024241
-2.87474061077276532572
-1.44355860387941459244
5.31999571781331681564
-0.00173012046960762180814
0.111175428278623381062
0.198571776217052908819
0.456949938012936485165
11.1772649946154505329
-10.9439621371244442116

2586 128 961 835
0.6527608693645120530040000000000000000192
0.2127540786580048304269999999999999999931
0.1286794610925456328050000000000000000216
-2.825085189098668791980000000000000000109
-1.412518210665753226609999999999999999843
5.235875875818200242410000000000000000377
-2.874740610772765325720000000000000000006
-1.443558603879414592440000000000000000015
5.319995717813316815640000000000000000072
-0.001730120469607621808139999999999999999964
0.111175428278623381061999999999999999999
0.1985717762170529088190000000000000000291
0.4569499380129364851649999999999999999969
11.17726499461545053290000000000000000205
-10.94396213712444421159999999999999999901

130042 128 1593 1327
0.8429518346202166867820260496354670610253
0.2621838307966315628954325868241863869661
0.09278213013815362570881650354542770130076
-186.8796292145156790813403772342451023331
-60.92440893986232443947951628841476866851
248.8040367766725018434079888784103286589
-186.8825868502001919526034191019450930546
-60.92575046085945272121261529987709185955
248.8083386313116723945409875195755189883
-1.348993285173691296530324803707136246691e-06
0.1111111580337851375475646136899272960639
0.369899985119248923812744842407123262235
0.5121721665816125369606221978593210715035
317.4632813565735318712152688522222770092
-317.4564646663081784695254407989922092208

