0 64 -378 -443
0.807080271700434725979
0.863913496670018710155
0.0269120318641223703338
0.363361502879298192692
0.835824371925597331412
0.989933231385622836029
0.686756579699417391005
0.856363999042405454887
0.686793423969484728708
0.508337402204963706431
0.251727791601512262964
0.147277446804630562927
0.909545567382598396655
0.956889684051957845057
0.785369447081946669975

2645 64 1022 819
0.172000166636260581887
-0.111637061238003015839
0.531646164718971414587
3.08852445483594539866
-5.50126023932998808874
3.41002772837471246348
3.16379582801957592864
-5.64036074385081853677
3.47926871244994684318
-0.00274577490199280800642
0.111372813711109810986
0.0584259485571389028391
0.540536421317588722246
10.0267482479770499992
-9.73708343156586053624

2648 64 1022 827
0.172000166636260526376
-0.111637061238003015839
0.531646164718971303564
3.0885244548359600536
-5.50126023932997565424
3.41002772837472178935
3.16379582801956171778
-5.64036074385083097127
3.4792687124499379614
-0.00274577490199343944577
0.111372813711109838741
0.058425948557138972228
0.540536421317588833269
10.0267482479770499992
-9.73708343156586053624

2648 128 1022 827
0.1720001666362605263760000000000000000007
-0.1116370612380030158390000000000000000201
0.5316461647189713035640000000000000000194
3.088524454835960053599999999999999999979
-5.501260239329975654240000000000000000022
3.410027728374721789350000000000000000011
3.163795828019561717779999999999999999998
-5.640360743850830971270000000000000000104
3.479268712449937961400000000000000000107
-0.002745774901993439445769999999999999999952
0.1113728137111098387409999999999999999873
0.05842594855713897222800000000000000000097
0.5405364213175888332690000000000000000184
10.02674824797704999920000000000000000008
-9.737083431565860536239999999999999999994

338710 128 1645 838
0.005012342651764926539270245652323020587678
-15.38634804297462680181088520619870666555
15.7841446372271866686483997493221286138
196.1578100887477368661804200118095267351
-198.9211094246495234841722919592042660378
3.763198971149205221382061968025573470385
196.3343686390717940105876707354187481406
-199.10022899545290828612937929977367508
3.76596083707542660415133065635425867363
-0.0001004762984550147174766578759270489667375
0.2150924787601626019877967723240173879344
-0.09333989634727122065051258746902296361556
0.5808498499523092599662502696209022092443
278.8686554901481871277891589539236638724
-278.5712579225134137530583151271663434506

425750 128 1669 1580
0.004403618820709363539604091775574239348494
-17.96359381007987131753228357084409750642
18.36576526608606855328522471539340338319
224.8703822456324059424523552364928328717
-227.6056361183342070947140490704152888886
3.735167514007976309417107369680765364441
225.045899414157176894880411422557330401
-227.7833560538011292795973845611562540801
3.737543085039606046460836498826396822772
-8.644199367193487683008194757094354856112e-05
0.02314896472283457846714037909431529544786
0.1050426013436406713808261441576838611087
0.5765614941686508610050343183318685227996
319.4235118290273331280077590775682226454
-319.1282648892624592388694417825543175669

425755 128 1669 1580
0.004403618820709363539604091775502161420325
-17.96359381007987131753228357084409750642
18.36576526608606855328522471539340338319
224.870382245632405942452355236481788819
-227.6056361183342070947140490704263329413
3.735167514007976309417107369670420039152
225.0458994141571768948804114225683744537
-227.7833560538011292795973845611454072427
3.737543085039606046460836498836738296201
-8.644199367193487683008194390102594660042e-05
0.02314896472283457846714037909431837693577
0.1050426013436406713808261441576804907313
0.5765614941686508610050343183318716042875
319.4235118290273331280077590775682226454
-319.1282648892624592388694417825543175669

