0 64 -315 -397
0.985326351371553221803
0.163776075748148147726
0.816479588584288262787
0.205064429240309070712
0.308261057336974841903
0.18409437966031799716
0.990195920760314041154
0.991924973381706709397
0.385043109229335489552
0.543471057982622407501
0.677037513925484168986
0.59458281755475272945
0.259912784483616488007
0.349924647726767568123
0.466626463571917227124

2025 64 966 868
0.256241742045095255431
-0.0326112136807870586774
0.48592849578669561339
1.29730989117237105468
-2.9325295320764155349
2.63242338533879349782
1.32980798619904505564
-3.0167662775947206022
2.68995593988017400733
-0.00294233680572732235817
0.111057263642474438048
0.160232844597778145701
0.446927119869463707058
8.9271907684636158109
-8.645407996571911724

2027 64 966 869
0.256241742045095255431
-0.0326112136807870586774
0.48592849578669561339
1.29730989117237127672
-2.9325295320764155349
2.63242338533879349782
1.3298079861990448336
-3.0167662775947206022
2.68995593988017400733
-0.00294233680572743338047
0.111057263642474438048
0.160232844597778145701
0.446927119869463707058
8.9271907684636158109
-8.645407996571911724

2027 128 966 869
0.2562417420450952554310000000000000000027
-0.03261121368078705867740000000000000000033
0.4859284957866956133900000000000000000043
1.297309891172371276719999999999999999953
-2.93252953207641553489999999999999999999
2.63242338533879349781999999999999999995
1.329807986199044833599999999999999999912
-3.016766277594720602199999999999999999715
2.689955939880174007329999999999999999972
-0.002942336805727433380470000000000000000005
0.1110572636424744380479999999999999999937
0.1602328445977781457009999999999999999974
0.4469271198694637070579999999999999999942
8.927190768463615810900000000000000000056
-8.645407996571911724000000000000000000005

344230 128 1638 742
0.00527692748586736869135285547956047866423
-14.95009288242320191302629421185887285852
15.35260445044623817096784984915228816646
187.267290236654752417839717429185151211
-190.0001553721333282874281237103893401127
3.732761687268032647845918875625694170049
187.4424997563049704119906250893628565701
-190.1780036750199657316459181850210148986
3.735607491041021126768363231942260152011
-0.0001035676333575107914603141730094670221638
0.02696503704341446274965012129404080865268
0.101729582259530414052452675802751296344
0.5762213830479819755406408941065248551317
266.3684655186129632135215984351723901451
-266.0733815209638899354613475161827697046

495398 128 1680 1553
0.004130875078673587120003495292106489190159
-19.17345094698596778940216152909703011147
19.57559473455023621525141089946606797188
239.8973366985865483904650101231965657367
-242.632853975547480564450443056844650384
3.735436307142966401517397284463708154566
240.0728865574953345340603815892881131684
-242.8104691249022958567919968316871610573
3.737663613507484522129831915453922670329
-8.104307484556363733244439557281355769353e-05
0.01776893250051806343475019964633357327442
0.1103795209093387437534035965192070112441
0.5765926420691366854121361937298622934658
340.707046309406764797527718481739961622
-340.4117874048857582901334698076077375816

495399 128 1680 1553
0.004130875078673587120003495292106489190159
-19.17345094698596778940216152909703011147
19.57559473455023621525141089946606797188
239.8973366985865483904650101231965657367
-242.632853975547480564450443056844650384
3.735436307142966401517397284463708154566
240.0728865574953345340603815892881131684
-242.8104691249022958567919968316871610573
3.737663613507484522129831915453922670329
-8.104307484556363733244439557288502775006e-05
0.01776893250051806343475019964633357327442
0.1103795209093387437534035965192070112441
0.5765926420691366854121361937298622934658
340.707046309406764797527718481739961622
-340.4117874048857582901334698076077375816

