0 64 -299 -377
0.203868952404352266061
0.764103874879921707297
0.173923885479754014582
0.201593791251135606712
0.860277766918390973672
0.584922750887383546825
0.460689574367022292023
0.709283861235816215363
0.436990761297624208392
0.684724868550738996476
0.250735363868689498101
0.0496906850370918071191
0.249409752709498167
0.430619676915025617614
0.825215158350196875681

1795 64 950 872
0.253119176870737760954
-0.0305898058114253273976
0.48177332186397103797
1.33175975120898337778
-3.00899959826285856579
2.67378656304058548443
1.37317042452751802983
-3.11555665167253836856
2.74609400317093355071
-0.00364977342952195731723
0.111032938441655265605
0.153997453365697201111
0.452554475186966898015
7.28972955148567791639
-7.00731441848037306386

1798 64 950 874
0.25311917687073759442
-0.0305898058114256465867
0.48177332186397053837
1.33175975120898604231
-3.00899959826285989806
2.67378656304058148763
1.37317042452751558734
-3.11555665167253792447
2.74609400317093754751
-0.00364977342950873829067
0.111032938441655265605
0.153997453365697201111
0.452554475186966898015
7.28972955148567791639
-7.00731441848037395204

1798 128 950 874
0.2531191768707375944200000000000000000083
-0.03058980581142564658669999999999999999987
0.4817733218639705383700000000000000000024
1.33175975120898604231000000000000000031
-3.008999598262859898059999999999999999972
2.673786563040581487629999999999999999838
1.373170424527515587339999999999999999987
-3.115556651672537924469999999999999999917
2.746094003170937547510000000000000000035
-0.003649773429508738290669999999999999999725
0.1110329384416552656050000000000000000004
0.1539974533656972011110000000000000000021
0.45255447518696689801500000000000000001
7.289729551485677916389999999999999999951
-7.00731441848037395204000000000000000021

344092 128 1642 794
0.005130688770938373972669506415768073117029
-15.33717730760239318338240419318737553513
15.73904100539983660353444074887418468428
192.5216025961394719717323707098677767904
-195.2585062647219347442593377407334808045
3.736802779009281263454898629117467953826
192.6970651622679530008911469378076476616
-195.4365422759388117086033647161534301873
3.739578120883539040519623086879459813307
-0.0001010028947961721318625754589905724577909
0.04983777737074720937006742150621614261134
0.07791457467592056356152092473762323969523
0.576843683106678598463866334393462490569
273.7158494799396185439258107064348558604
-273.4204455150929717824270110136548181961

486122 128 1683 1599
0.004078803090362087353051061999423488655321
-19.41693799102191311647612670204234212265
19.81901643102159376931890843287513619518
242.975429399344664588672130169583769448
-245.7113643188390521306236947188464300349
3.735854939393172477416749134275419789061
243.1510369791899442079353155102183125211
-245.8890119342917238150909648635027169296
3.738055009611191958068804066517120168448
-8.005156365539333902815245306924756064025e-05
0.01966438066083441501595869437293408438123
0.1083887920681912523597564150794180877012
0.5766558493682413300878886511729535708578
344.9976049569248113972774870238832734169
-344.7023139790220783947425551073049828857

