0 64 -290 -363
0.556896298032787617771
0.956943708835660933332
0.736235295528509081642
0.11177040881285767171
0.363484771102786874408
0.582513653447265356
0.260020642096851883895
0.907494851228215049233
0.774952563687749562682
0.311111955330886313931
0.268962302976334166615
0.509999423667636397894
0.749199930137906866534
0.0869794316370788717085
0.640171655162496633373

2662 64 996 847
0.164253243468949372552
-0.135162985473351177079
0.555089740658128216744
3.34670210943062862441
-5.75965156250210075228
3.40910843318959067005
3.46341255301520467569
-5.96744012292143377607
3.50788856297094886472
-0.00393163659700211578357
0.11009422557362076589
0.0586307347799293887558
0.54142546153357351546
7.11290552029672884515
-6.82305594218420363717

2662 128 996 847
0.1642532434689493725520000000000000000011
-0.1351629854733511770789999999999999999946
0.5550897406581282167440000000000000000032
3.346702109430628624409999999999999999912
-5.759651562502100752279999999999999999925
3.409108433189590670050000000000000000044
3.463412553015204675689999999999999999923
-5.967440122921433776070000000000000000007
3.507888562970948864720000000000000000365
-0.003931636597002115783570000000000000000006
0.1100942255736207658899999999999999999974
0.05863073477992938875579999999999999999956
0.541425461533573515460000000000000000003
7.112905520296728845149999999999999999874
-6.823055942184203637169999999999999999904

343050 128 1640 713
0.00518835854853268216727773364935169068982
-15.07772562534658925361906934294097109129
15.47848965041934752592124447754462529424
190.0816021937172313339938942189236375485
-192.8253905480459013572033640687464957979
3.743685777696860678026219065315901590549
190.2573916846730544968021239662066661054
-193.0037965900345048124212954184905787669
3.746507605300640091462094343597079283662
-0.000102694523550262088883725438975943436259
0.09396274114710596478788731682525323679049
0.0321841276724867841278834427350553650907
0.5779061799747810146109308722444954281364
270.2026631145100982230966007522852506218
-269.9067161633039322053999567322586106271

498282 128 1684 1622
0.004043080398884944103344469165638830530355
-19.61004373511624016833489314486500001387
20.01230406830343125989632684251674432502
245.2065064666202267062764643713649731573
-247.9413419481835286086338819610462682155
3.734756262212178656518523889354436448428
245.3820985068623532157243250281141342441
-248.1189546374598668384574799850060653289
3.736935423052672533077391110192544018214
-7.928952297405189330165083154157469640806e-05
0.009554817871655341974707676567676906905159
0.1187614800514342240434449671220817254613
0.5764831702499515490591699991784680098211
348.0965947194204862079240993978673385902
-347.801394187593527323013248443278970025

