0 64 -357 -435
0.700819209717630120515
0.260795205979161615062
0.203007599581895042951
0.530230396837530815191
0.0949445897015611384173
0.0112015630560368135288
0.961902468604700966459
0.484302752742533870745
0.79271955792891002357
0.863751512212508676392
0.634224186363178121795
0.153512087728879864645
0.482620027046502142465
0.555926551082875586296
0.618306725018152758544

1663 64 954 857
0.260444617861634641898
-0.0360538829755202502869
0.492179251044150389838
1.2448119029447892725
-2.81058498465908090935
2.56264582849113464746
1.27970442203858092434
-2.90192440545196062018
2.62560442805997196203
-0.00331307226476770539519
0.1110577590722089808
0.169086325235248191579
0.43853286861625045967
7.94301159926364253039
-7.66168855218785260774

1663 128 954 857
0.2604446178616346418979999999999999999926
-0.03605388297552025028689999999999999999906
0.4921792510441503898380000000000000000201
1.244811902944789272500000000000000000129
-2.810584984659080909349999999999999999986
2.562645828491134647459999999999999999901
1.279704422038580924340000000000000000089
-2.901924405451960620179999999999999999736
2.62560442805997196203000000000000000002
-0.003313072264767705395190000000000000000173
0.111057759072208980800000000000000000003
0.1690863252352481915790000000000000000415
0.4385328686162504596699999999999999999992
7.943011599263642530389999999999999999946
-7.661688552187852607739999999999999999999

343111 128 1643 836
0.005126261094489635039703926476494599550749
-15.35375280102560955765390547215858658626
15.75565477652543315317284991231195852223
192.7000063210041260339066835606094939135
-195.43667448288008487780730493681495138
3.736567391657147099349507976738349463297
192.8754360609640123174064384834836526759
-195.6146746287616484478432720698455368128
3.739339455706132753991054201604987232129
-0.0001008834402034747105142080885700243505683
0.04825187579215296459791810419869378104289
0.07955610946663885722893327330049951494367
0.5768070174325600555051215697078794521411
274.0043615837682391426126452844360757427
-273.7089765864596023069283417243209660083

490212 128 1684 1613
0.004054216840148405104486218989672126659882
-19.5223825940672002031960838640693234496
19.92431165703387036538279316116515749216
244.4181425225949564179626450672696076646
-247.1550022156791911744835064317530844078
3.736780149176706271599395235415800308793
244.5937814799661993096917775729765881739
-247.3326700673321412663340108638126964345
3.738968204805189386593041916682795202896
-7.961455042885266069025530881249048818429e-05
0.02654518097634378239080183564294828396204
0.1012910758917425399791596301754392691637
0.5767988850389408929305930185557396483711
347.063006718018057328066236064631682899
-346.7676418599250845433598312036937018016

