+5.00000000000000000000e-001
+2.49297267609681978013e-001
+2.77211832531930184738e-001
+1.97440912553104561032e-001
+0.00000000000000000000e+000
+5.92322737659313683095e-001
+1.97320548628702140900e-001
+0.00000000000000000000e+000
+2.95083334092671853711e-001
-9.84803125957023833277e-002
+1.31313417344461520076e-001
+0.00000000000000000000e+000
+0.00000000000000000000e+000
+1.10154439538638507040e-001
+5.25186129370448772884e-001
+1.34200341846322406193e-001
+0.00000000000000000000e+000
+0.00000000000000000000e+000
+6.96088703288076908079e-001
+2.50497721570339375352e-001
-7.91023116492320445498e-001
+7.22182741896621454448e-002
+0.00000000000000000000e+000
+0.00000000000000000000e+000
+0.00000000000000000000e+000
-5.83363229364550369126e-002
+3.04755766857449437925e-003
+9.15481802977846100286e-002
+3.12550081351656170620e-002
+0.00000000000000000000e+000
+0.00000000000000000000e+000
+0.00000000000000000000e+000
+0.00000000000000000000e+000
+1.09123821542419946873e-004
+1.56725758630995015164e-001
+1.69294351171974399670e-001
+1.19066044146750321445e-002
+0.00000000000000000000e+000
+0.00000000000000000000e+000
+0.00000000000000000000e+000
+0.00000000000000000000e+000
+2.83437082024606548112e-001
-4.16312167570561315056e-001
+2.64646333949743004837e-001
+7.38849809146269076388e-001
+2.34065736913354493717e-002
+0.00000000000000000000e+000
+0.00000000000000000000e+000
+0.00000000000000000000e+000
+0.00000000000000000000e+000
+9.44931301894961802240e-002
-2.72872055901956419006e-001
+2.24022046115592207410e-001
+6.04381441075135095416e-001
-3.08153769292799652586e-002
+4.54437753101763699408e-002
+0.00000000000000000000e+000
+0.00000000000000000000e+000
+0.00000000000000000000e+000
+0.00000000000000000000e+000
-1.18799667186441567723e-003
+1.20356549909281134803e-002
+7.51269029876479240591e-002
-1.82209240988845690412e-002
-2.57152854084065042855e-004
+4.53207837134829585506e-003
+1.78401086400436429292e-001
+0.00000000000000000000e+000
+0.00000000000000000000e+000
+1.10154439538638507040e-001
+5.25186129370448772884e-001
-4.89148591820436212803e-001
+9.32443612635135733038e-001
-7.74475053439839525409e-001
-1.05490217813935824270e+000
+1.31046712034157154509e-001
+5.87049777599487392267e-001
+6.20898052074878791881e-001
+1.30220806600497793496e-001
+0.00000000000000000000e+000
+0.00000000000000000000e+000
+6.96088703288076908079e-001
+2.50497721570339375352e-001
-7.58948987129607342662e-001
-1.71517208463488383577e-001
-3.70217673678906704688e-001
+1.24981008574747347802e-001
+3.35310924837267073965e-003
-6.63254613676153581907e-003
+4.29116573121617904714e-001
-3.71778567824697893108e-002
+2.49297267609681978013e-001
+2.77211832531930184738e-001
+0.00000000000000000000e+000
+0.00000000000000000000e+000
+0.00000000000000000000e+000
-1.45940595936085218185e-001
-7.99015893511029475358e-001
+0.00000000000000000000e+000
+0.00000000000000000000e+000
+0.00000000000000000000e+000
+0.00000000000000000000e+000
+0.00000000000000000000e+000
+1.45940595936085218185e-001
+7.99015893511029475358e-001
+5.00000000000000000000e-001
+0.00000000000000000000e+000
-8.07097076095341093251e-001
+0.00000000000000000000e+000
+0.00000000000000000000e+000
+0.00000000000000000000e+000
+0.00000000000000000000e+000
+0.00000000000000000000e+000
+0.00000000000000000000e+000
+0.00000000000000000000e+000
+0.00000000000000000000e+000
+0.00000000000000000000e+000
+0.00000000000000000000e+000
+0.00000000000000000000e+000
+8.07097076095341093251e-001
+5.73207954320575412321e-002
-5.00000000000000000000e-001
-8.97470163394855120846e-001
+0.00000000000000000000e+000
+0.00000000000000000000e+000
-1.03991004922695343354e+000
-4.07357014288385809022e-001
-1.82830236640741849663e-001
-3.33659270649225021137e-001
+3.95648542376057924001e-001
+6.95057049459982281780e-001
+2.71487376457383239111e-001
+5.85423734866589756811e-001
+9.58819072213235370429e-001
+8.97470163394855184206e-001
+5.00000000000000000000e-001
+3.33333333333333333333e-002
-3.33333333333333333333e-002
-1.20000000000000000000e-001
+0.00000000000000000000e+000
+0.00000000000000000000e+000
-1.30000000000000000000e-001
-1.80000000000000000000e-001
+0.00000000000000000000e+000
+2.77429188517743176508e-001
+1.89237478148923490158e-001
+2.77429188517743176508e-001
+1.89237478148923490158e-001
+1.30000000000000000000e-001
+1.80000000000000000000e-001
+1.20000000000000000000e-001
+3.33333333333333333333e-002
+3.33333333333333333333e-002
