0 128 -383 -456
0.3269785802956515614117316235136958108844
0.8285323414731967392866366790882825360426
0.5668380947676786055751813251006211615205
0.3073996035719619222771724260777951464674
0.2836933995996248964576287664855871660352
0.01828673214991094009689519088256809890165
0.8568600642636876531914113387271311872691
0.908382037705799189729460320027438899216
0.4856992967637406745903712242835260105766
0.3721979521132545184737394318774362273948
0.05465893648369696259500209723325114886802
0.984032802800256491768661585396375371618
0.8426621875665523402550985009341999985689
0.6173908728933190721644085826281706587588
0.7772153821770501894614375681445349282157
0.4836702856452239021038982601996554243058
0.5705157046072340181819645767109760185146
0.4603018113768978123263331628053768647361
0.219399087972152362507688268480073333935
0.2962354710271194793920677381032562957751
0.4890275461270760943739693679477994082815

429 128 6437 3161
0.3388593727084392249623217887974262005624
-1.056937503110022459991754784376539237984
1.503153978192597951116216328004964122745
0.2933363491249915668052485052739576737295
0.1529836142117835709076282403883281371939
0.4069348624218855925327921060879021863714
1.030382346197427181342329891018336414728
-1.428260764191434093898876729268308250069
2.190199545147007202748287706759257669402
-0.8781109057777786527612701806157172256293
-0.3107333156294420077080653815137542943412
-0.05984037364756661520361449788885935555283
0.4927925357479456032678514337829961360888
1.461620229146091374256984267557820708304
-0.5838390756170283546131558219382516316366
0.1093724137170442750292496414922159137107
0.4277725130416929927935029420209186260004
0.09256144991537162066736700953380464730166
0.4181950438600182606059008464388642768926
-0.05615251593422592021382495827616987620256
0.00825109540009877111780451879036891600605

429 256 6405 3164
0.3388593727084392249623217887974262005624000000000000000000000000000000000028458
-1.056937503110022459991754784376539237984000000000000000000000000000000001085834
1.503153978192597951116216328004964122745000000000000000000000000000000001764498
0.2933363491249915668052485052739576737294999999999999999999999999999999999982111
0.1529836142117835709076282403883281371939000000000000000000000000000000000198401
0.4069348624218855925327921060879021863714000000000000000000000000000000000238457
1.03038234619742718134232989101833641472799999999999999999999999999999999993245
-1.428260764191434093898876729268308250068999999999999999999999999999999999733079
2.190199545147007202748287706759257669401999999999999999999999999999999999890498
-0.8781109057777786527612701806157172256293000000000000000000000000000000000037229
-0.3107333156294420077080653815137542943411999999999999999999999999999999999841253
-0.05984037364756661520361449788885935555282999999999999999999999999999999999457289
0.492792535747945603267851433782996136088799999999999999999999999999999999990564
1.461620229146091374256984267557820708304000000000000000000000000000000000033786
-0.583839075617028354613155821938251631636599999999999999999999999999999999993149
0.1093724137170442750292496414922159137106999999999999999999999999999999999412034
0.4277725130416929927935029420209186260004000000000000000000000000000000000008633
0.09256144991537162066736700953380464730165999999999999999999999999999999999343891
0.4181950438600182606059008464388642768926000000000000000000000000000000000119037
-0.05615251593422592021382495827616987620256000000000000000000000000000000001757517
0.008251095400098771117804518790368916006049999999999999999999999999999999999953388

448 256 12961 6420
0.3388593727084392249623217887974187233204305730708779538379907453075213287457685
-1.056937503110022459991754784376659943033538922139985185539343903334602580466081
1.503153978192597951116216328005075419862539704630567167539537068009407812936979
0.293336349124991566805248505274018396915939735774668680311624301783680735666735
0.1529836142117835709076282403882493301895585956788689006032380956616338038892886
0.4069348624218855925327921060879529669337437081897229578101816985921520597164705
1.03038234619742718134232989101834370405202239350528057069714344697571077368333
-1.428260764191434093898876729268391565599045403180647257157156080608142951087537
2.19019954514700720274828770675936015073225496187568991264397877287835738819233
-0.8781109057777786527612701806157094132228135272227138178434226367158090044114231
-0.3107333156294420077080653815135321713261069685861715347151206765926818024037325
-0.05984037364756661520361449788869042669271741524212123077435047644302702768320596
0.492792535747945603267851433783067506267159063868353871167670915434715523727559
1.461620229146091374256984267557770148732395003209096990033332932487755157280244
-0.5838390756170283546131558219386150569807296832491580957115326953613176858398131
0.1093724137170442750292496414921845869624622171394309318124185290448797031472274
0.4277725130416929927935029420209652958983756730596940396833596789596496040436194
0.09256144991537162066736700953382928142442082348551932846211683375108657899770237
0.4181950438600182606059008464388251277342984165449652708186697191462377668789844
-0.05615251593422592021382495827617189122772241204492125160018838203474172492723398
0.008251095400098771117804518790367599208165281815311680823623621130514179923260499

448 512 13015 6471
0.338859372708439224962321788797418723320430573070877953837990745307521328745768500000000000000000000000000000000000000000000000000000000000000000002982153933
-1.05693750311002245999175478437665994303353892213998518553934390333460258046608100000000000000000000000000000000000000000000000000000000000000000029745167229
1.50315397819259795111621632800507541986253970463056716753953706800940781293697900000000000000000000000000000000000000000000000000000000000000000059217084021
0.293336349124991566805248505274018396915939735774668680311624301783680735666735000000000000000000000000000000000000000000000000000000000000000000005158907865
0.152983614211783570907628240388249330189558595678868900603238095661633803889288600000000000000000000000000000000000000000000000000000000000000000000295865908
0.406934862421885592532792106087952966933743708189722957810181698592152059716470499999999999999999999999999999999999999999999999999999999999999999996827871263
1.03038234619742718134232989101834370405202239350528057069714344697571077368332999999999999999999999999999999999999999999999999999999999999999999994812269945
-1.42826076419143409389887672926839156559904540318064725715715608060814295108753700000000000000000000000000000000000000000000000000000000000000000126420690452
2.19019954514700720274828770675936015073225496187568991264397877287835738819232999999999999999999999999999999999999999999999999999999999999999999968619314535
-0.878110905777778652761270180615709413222813527222713817843422636715809004411423099999999999999999999999999999999999999999999999999999999999999999999882356846
-0.310733315629442007708065381513532171326106968586171534715120676592681802403732500000000000000000000000000000000000000000000000000000000000000000000766284583
-0.0598403736475666152036144978886904266927174152421212307743504764430270276832059599999999999999999999999999999999999999999999999999999999999999999994898478184
0.492792535747945603267851433783067506267159063868353871167670915434715523727559000000000000000000000000000000000000000000000000000000000000000000002082960444
1.46162022914609137425698426755777014873239500320909699003333293248775515728024399999999999999999999999999999999999999999999999999999999999999999998608496991
-0.583839075617028354613155821938615056980729683249158095711532695361317685839813100000000000000000000000000000000000000000000000000000000000000000000646645152
0.109372413717044275029249641492184586962462217139430931812418529044879703147227399999999999999999999999999999999999999999999999999999999999999999991879623378
0.427772513041692992793502942020965295898375673059694039683359678959649604043619399999999999999999999999999999999999999999999999999999999999999999998996925966
0.092561449915371620667367009533829281424420823485519328462116833751086578997702369999999999999999999999999999999999999999999999999999999999999999995120955923
0.418195043860018260605900846438825127734298416544965270818669719146237766878984400000000000000000000000000000000000000000000000000000000000000000025928104666
-0.0561525159342259202138249582761718912277224120449212516001883820347417249272339800000000000000000000000000000000000000000000000000000000000000000006037063941
0.00825109540009877111780451879036759920816528181531168082362362113051417992326049900000000000000000000000000000000000000000000000000000000000000000059355836449

469 512 25923 12929
0.33885937270843922496232178879741872332043057307087795383799074532911758343180419380621465163835978922596796421231161499573810750005426868737584897558988795
-1.05693750311002245999175478437665994303353892213998518553934390351099483165211500351301626977523379161993833800636340792376014053037163602928345984346951399
1.50315397819259795111621632800507541986253970463056716753953706822324971678541267653415632106048219453251051183369045602206600590745135887324435043951905066
0.293336349124991566805248505274018396915939735774668680311624301813050361231741705861394588286811250241095476704588694019312911556028821907350246657232084989
0.152983614211783570907628240388249330189558595678868900603238095598401711807866394727678018894150364703267049034274470270783397092507742044175105741202858779
0.406934862421885592532792106087952966933743708189722957810181698614411871489532015929756562854355923265126201209955612453571772788735036138709625196313289719
1.0303823461974271813423298910183437040520223935052805706971434470042178404594117687507858300655658748114527896667234152255485873756607598107992271835481829
-1.42826076419143409389887672926839156559904540318064725715715608080979105807150563164490059460051881085915500863372857323012281712863711175083897995852304542
2.19019954514700720274828770675936015073225496187568991264397877303368800003772396593787675596825921359676566029342460710811054297666712029611584819430743823
-0.878110905777778652761270180615709413222813527222713817843422636736830663911090312063065898783000319356208733197177200899362888560332437761952777607598175157
-0.310733315629442007708065381513532171326106968586171534715120676079237784115153856836544947081691830140476223663029725762184009430281482531480733435272102512
-0.0598403736475666152036144978886904266927174152421212307743504760345283242427628906366513898897542655181694567526143404732513618471422803803034148486708441454
0.492792535747945603267851433783067506267159063868353871167670915654701905046835844232010124954622172072635945225046696098860913789940212522915348780554325473
1.46162022914609137425698426755777014873239500320909699003333293246078942378892141323760251442980234234182287149764485551038243949276400394899332338590405005
-0.583839075617028354613155821938615056980729683249158095711532696001725220477840509996416302412978418755813136307047485373807982021764418433640572815284788383
0.109372413717044275029249641492184586962462217139430931812418529086747013578801722842205602100241014993434031918135882763842924145259919733969485621600736728
0.427772513041692992793502942020965295898375673059694039683359678935516981819517955371247723462800860716643862121151620047099293188828716121548684947390461749
0.0925614499153716206673670095338292814244208234855193284621168337445451794592701315540489230877317420653947217128651111468848013781609517851877342650831282384
0.418195043860018260605900846438825127734298416544965270818669719153314271265869180619976719183922136578196473219740345454232150361201215661249649569725763496
-0.0561525159342259202138249582761718912277224120449212516001883820427917854623473414441857603734079777002623610575568804884041071500797577255559406661818760711
0.00825109540009877111780451879036759920816528181531168082362362112266833933888835105670679253871222334659327208566392107634493807666394980723882752333345152409

469 2048 25927 12902
0.338859372708439224962321788797418723320430573070877953837990745329117583431804193806214651638359789225967964212311614995738107500054268687375848975589887950000000000000000000000000000000000000000000000000000000000000000000000000000000000000000000000000000000000000000000000000000000000000000000000000000000000000000000000000000000000000000000000000000000000000000000000000000000000000000000000000000000000000000000000000000000000000000000000000000000000000000000000000000000000000000000000000000000000000000000000000000000000000000000000000000000000000000000000000000000000000000000000000000000000000000000000000000006
-1.05693750311002245999175478437665994303353892213998518553934390351099483165211500351301626977523379161993833800636340792376014053037163602928345984346951398999999999999999999999999999999999999999999999999999999999999999999999999999999999999999999999999999999999999999999999999999999999999999999999999999999999999999999999999999999999999999999999999999999999999999999999999999999999999999999999999999999999999999999999999999999999999999999999999999999999999999999999999999999999999999999999999999999999999999999999999999999999999999999999999999999999999999999999999999999999999999999999999999999999999999999999999999997
1.50315397819259795111621632800507541986253970463056716753953706822324971678541267653415632106048219453251051183369045602206600590745135887324435043951905066000000000000000000000000000000000000000000000000000000000000000000000000000000000000000000000000000000000000000000000000000000000000000000000000000000000000000000000000000000000000000000000000000000000000000000000000000000000000000000000000000000000000000000000000000000000000000000000000000000000000000000000000000000000000000000000000000000000000000000000000000000000000000000000000000000000000000000000000000000000000000000000000000000000000000000000000000003
0.293336349124991566805248505274018396915939735774668680311624301813050361231741705861394588286811250241095476704588694019312911556028821907350246657232084988999999999999999999999999999999999999999999999999999999999999999999999999999999999999999999999999999999999999999999999999999999999999999999999999999999999999999999999999999999999999999999999999999999999999999999999999999999999999999999999999999999999999999999999999999999999999999999999999999999999999999999999999999999999999999999999999999999999999999999999999999999999999999999999999999999999999999999999999999999999999999999999999999999999999999999999999999998
0.152983614211783570907628240388249330189558595678868900603238095598401711807866394727678018894150364703267049034274470270783397092507742044175105741202858779
0.406934862421885592532792106087952966933743708189722957810181698614411871489532015929756562854355923265126201209955612453571772788735036138709625196313289718999999999999999999999999999999999999999999999999999999999999999999999999999999999999999999999999999999999999999999999999999999999999999999999999999999999999999999999999999999999999999999999999999999999999999999999999999999999999999999999999999999999999999999999999999999999999999999999999999999999999999999999999999999999999999999999999999999999999999999999999999999999999999999999999999999999999999999999999999999999999999999999999999999999999999999999999999992
1.03038234619742718134232989101834370405202239350528057069714344700421784045941176875078583006556587481145278966672341522554858737566075981079922718354818290000000000000000000000000000000000000000000000000000000000000000000000000000000000000000000000000000000000000000000000000000000000000000000000000000000000000000000000000000000000000000000000000000000000000000000000000000000000000000000000000000000000000000000000000000000000000000000000000000000000000000000000000000000000000000000000000000000000000000000000000000000000000000000000000000000000000000000000000000000000000000000000000000000000000000000000000000001
-1.42826076419143409389887672926839156559904540318064725715715608080979105807150563164490059460051881085915500863372857323012281712863711175083897995852304541999999999999999999999999999999999999999999999999999999999999999999999999999999999999999999999999999999999999999999999999999999999999999999999999999999999999999999999999999999999999999999999999999999999999999999999999999999999999999999999999999999999999999999999999999999999999999999999999999999999999999999999999999999999999999999999999999999999999999999999999999999999999999999999999999999999999999999999999999999999999999999999999999999999999999999999999999997
2.19019954514700720274828770675936015073225496187568991264397877303368800003772396593787675596825921359676566029342460710811054297666712029611584819430743823000000000000000000000000000000000000000000000000000000000000000000000000000000000000000000000000000000000000000000000000000000000000000000000000000000000000000000000000000000000000000000000000000000000000000000000000000000000000000000000000000000000000000000000000000000000000000000000000000000000000000000000000000000000000000000000000000000000000000000000000000000000000000000000000000000000000000000000000000000000000000000000000000000000000000000000000000003
-0.878110905777778652761270180615709413222813527222713817843422636736830663911090312063065898783000319356208733197177200899362888560332437761952777607598175156999999999999999999999999999999999999999999999999999999999999999999999999999999999999999999999999999999999999999999999999999999999999999999999999999999999999999999999999999999999999999999999999999999999999999999999999999999999999999999999999999999999999999999999999999999999999999999999999999999999999999999999999999999999999999999999999999999999999999999999999999999999999999999999999999999999999999999999999999999999999999999999999999999999999999999999999999994
-0.310733315629442007708065381513532171326106968586171534715120676079237784115153856836544947081691830140476223663029725762184009430281482531480733435272102512000000000000000000000000000000000000000000000000000000000000000000000000000000000000000000000000000000000000000000000000000000000000000000000000000000000000000000000000000000000000000000000000000000000000000000000000000000000000000000000000000000000000000000000000000000000000000000000000000000000000000000000000000000000000000000000000000000000000000000000000000000000000000000000000000000000000000000000000000000000000000000000000000000000000000000000000000002
-0.0598403736475666152036144978886904266927174152421212307743504760345283242427628906366513898897542655181694567526143404732513618471422803803034148486708441453999999999999999999999999999999999999999999999999999999999999999999999999999999999999999999999999999999999999999999999999999999999999999999999999999999999999999999999999999999999999999999999999999999999999999999999999999999999999999999999999999999999999999999999999999999999999999999999999999999999999999999999999999999999999999999999999999999999999999999999999999999999999999999999999999999999999999999999999999999999999999999999999999999999999999999999999999998
0.492792535747945603267851433783067506267159063868353871167670915654701905046835844232010124954622172072635945225046696098860913789940212522915348780554325473000000000000000000000000000000000000000000000000000000000000000000000000000000000000000000000000000000000000000000000000000000000000000000000000000000000000000000000000000000000000000000000000000000000000000000000000000000000000000000000000000000000000000000000000000000000000000000000000000000000000000000000000000000000000000000000000000000000000000000000000000000000000000000000000000000000000000000000000000000000000000000000000000000000000000000000000000002
1.46162022914609137425698426755777014873239500320909699003333293246078942378892141323760251442980234234182287149764485551038243949276400394899332338590405005000000000000000000000000000000000000000000000000000000000000000000000000000000000000000000000000000000000000000000000000000000000000000000000000000000000000000000000000000000000000000000000000000000000000000000000000000000000000000000000000000000000000000000000000000000000000000000000000000000000000000000000000000000000000000000000000000000000000000000000000000000000000000000000000000000000000000000000000000000000000000000000000000000000000000000000000000001
-0.583839075617028354613155821938615056980729683249158095711532696001725220477840509996416302412978418755813136307047485373807982021764418433640572815284788382999999999999999999999999999999999999999999999999999999999999999999999999999999999999999999999999999999999999999999999999999999999999999999999999999999999999999999999999999999999999999999999999999999999999999999999999999999999999999999999999999999999999999999999999999999999999999999999999999999999999999999999999999999999999999999999999999999999999999999999999999999999999999999999999999999999999999999999999999999999999999999999999999999999999999999999999999999
0.109372413717044275029249641492184586962462217139430931812418529086747013578801722842205602100241014993434031918135882763842924145259919733969485621600736728000000000000000000000000000000000000000000000000000000000000000000000000000000000000000000000000000000000000000000000000000000000000000000000000000000000000000000000000000000000000000000000000000000000000000000000000000000000000000000000000000000000000000000000000000000000000000000000000000000000000000000000000000000000000000000000000000000000000000000000000000000000000000000000000000000000000000000000000000000000000000000000000000000000000000000000000000001
0.427772513041692992793502942020965295898375673059694039683359678935516981819517955371247723462800860716643862121151620047099293188828716121548684947390461748999999999999999999999999999999999999999999999999999999999999999999999999999999999999999999999999999999999999999999999999999999999999999999999999999999999999999999999999999999999999999999999999999999999999999999999999999999999999999999999999999999999999999999999999999999999999999999999999999999999999999999999999999999999999999999999999999999999999999999999999999999999999999999999999999999999999999999999999999999999999999999999999999999999999999999999999999999
0.0925614499153716206673670095338292814244208234855193284621168337445451794592701315540489230877317420653947217128651111468848013781609517851877342650831282384000000000000000000000000000000000000000000000000000000000000000000000000000000000000000000000000000000000000000000000000000000000000000000000000000000000000000000000000000000000000000000000000000000000000000000000000000000000000000000000000000000000000000000000000000000000000000000000000000000000000000000000000000000000000000000000000000000000000000000000000000000000000000000000000000000000000000000000000000000000000000000000000000000000000000000000000000009
0.418195043860018260605900846438825127734298416544965270818669719153314271265869180619976719183922136578196473219740345454232150361201215661249649569725763495999999999999999999999999999999999999999999999999999999999999999999999999999999999999999999999999999999999999999999999999999999999999999999999999999999999999999999999999999999999999999999999999999999999999999999999999999999999999999999999999999999999999999999999999999999999999999999999999999999999999999999999999999999999999999999999999999999999999999999999999999999999999999999999999999999999999999999999999999999999999999999999999999999999999999999999999999999
-0.0561525159342259202138249582761718912277224120449212516001883820427917854623473414441857603734079777002623610575568804884041071500797577255559406661818760710999999999999999999999999999999999999999999999999999999999999999999999999999999999999999999999999999999999999999999999999999999999999999999999999999999999999999999999999999999999999999999999999999999999999999999999999999999999999999999999999999999999999999999999999999999999999999999999999999999999999999999999999999999999999999999999999999999999999999999999999999999999999999999999999999999999999999999999999999999999999999999999999999999999999999999999999999993
0.00825109540009877111780451879036759920816528181531168082362362112266833933888835105670679253871222334659327208566392107634493807666394980723882752333345152408999999999999999999999999999999999999999999999999999999999999999999999999999999999999999999999999999999999999999999999999999999999999999999999999999999999999999999999999999999999999999999999999999999999999999999999999999999999999999999999999999999999999999999999999999999999999999999999999999999999999999999999999999999999999999999999999999999999999999999999999999999999999999999999999999999999999999999999999999999999999999999999999999999999999999999999999999985

491 2048 123350 61633
0.338859372708439224962321788797418723320430573070877953837990745329117583431804193806214651638359789225967964212311614995738107498984821078743266063584639660600701108568606938912310977745855568847991978927618048028452946655129749391885216455707760954057490421156961825575189864944598882756722452013004712350273944754812564930166521206122335823114529646553015991487292178304532885496169091439121670857348822706932683390353735719082299531562140216042099427331512422909858178407057875353771443229453152557104036417043406073909996416158694453803195039811709385111149208012226582501366212712220601581472965529079658867409694
-1.05693750311002245999175478437665994303353892213998518553934390351099483165211500351301626977523379161993833800636340792376014053513945228768631387576674887981754147762927010555820389682849439743087016120936721245263696542773049235010756106627705959226677019337483891272375615649210114627230616417093146074202942219841373885439029672397416069604086573577991613488419999892945789608759054174651274294082022493411003772074742165851185038025239761548293865962214545482091309777247812365456279914464565129958106371451275570982013782350227778745255722671142841377210602983111632258508374744464783008983990307793827647626356
1.50315397819259795111621632800507541986253970463056716753953706822324971678541267653415632106048219453251051183369045602206600591407454240244953528517504385908487220844383205036718306892302330963521786540016741434191594326840858293568125313935731135988742596585496153416209736834930215589299867631704949541107434241415787975076808967197116299079266687195788052847451491240747247173350226292027353198346090517375430886411621968848659602494221745054839796764846959483955611066312925445656418371084582978312112453076207588362908546517828915050220702178436773079637957810564743007677990914270536036583876797409869223600605
0.293336349124991566805248505274018396915939735774668680311624301813050361231741705861394588286811250241095476704588694019312911557598396084309922280312170485534991750507384308675419903111949218742044575146603179534339437048050359907376641921833850296427561243707636358230676977949027075077220441208131890836311642228349049692838629186685446847392422816351025379678661899292832141508618302825830657476498948061547260495802292586339499718261196469591865608703602266118858424436278635302231843291304455170196319549073708985798179634938460396647817961712612034405672006601669433339798612999626436764444355465586294073042663
0.152983614211783570907628240388249330189558595678868900603238095598401711807866394727678018894150364703267049034274470270783397088541178890179016362002186565420381123049077055672033983349021533791124003379935423743448840311313974275263343935801813086578058370967705533265622732853260633665686939852421336532023845523529986473438629753903008438534917917296647799405878201681186947655333626601570820339656208819647759840612778182761337698288525335857479571371349078617369394312678272123055259285783838762004104802499185916795917977895358209372833605228289687449347833598739494867105327847452122733633282110860794534546365
0.4069348624218855925327921060879529669337437081897229578101816986144118714895320159297565628543559232651262012099556124535717727891871222153100877828561050176135827098703596306532717558209197061603209822564435959548566829715560754046901514914168737561420836528820929032223436374470467797094488499445742395850882967912344541005247788388787131526422874938743686478265017399801006980117358481762750436483099109879245069641935753185865129337832169320282647330112723063823944338891406793769723994789971789492632667983752015419422290488656114065435265687878693183341507268856241421533029378582317933687612753225220365403026
1.03038234619742718134232989101834370405202239350528057069714344700421784045941176875078583006556587481145278966672341522554858737370742033988650112903520019618191738184391207387765121756394819382457850730160889636024536778953183225861010606547689545815619569280839318011807739709820890744518928106974263920344200256857485633545114988523725876767476501293727473394612247898990493001655151714295956196773149671858288984566259825503865738327342652147686364022797826530313224946731707447488313110196587233137350395665822397272053567400428815668728087582202705081277773727668907919513133895738412449626812850980765451895883
-1.42826076419143409389887672926839156559904540318064725715715608080979105807150563164490059460051881085915500863372857323012281713394454084035118628443628774342395149502330101107088498754460150943547697181699635370727610235459975697197020315538425540277259675200696935902769416287120536579525318201972254584065484375209718202333245943099247354983552242375779841334731000421172678807275379455224426610096839988229215547043158596859045598213582715728254014236791402158604755736698760677744048197674552261896590622894943444091438038636703705311474901203416179902664873792622514504897766218661660272961371142283072288154229
2.19019954514700720274828770675936015073225496187568991264397877303368800003772396593787675596825921359676566029342460710811054298021134497540752857428179042030072811465942024260374932698964720156832684842467205979014341176203879369236278508073772645085410184995020752613777189332496699594616770628769436771449725969612409932265143556931633781497851613862513850508278368996162180695434972247390261798994141765542555994342902348500309604331710325652695897595149150742075981813883538111572241885490171286965119005054341399619588225999940321496764357062680693545320675596094270619432421062051340408526421743965010678520145
-0.878110905777778652761270180615709413222813527222713817843422636736830663911090312063065898783000319356208733197177200899362888560138710842507583501201020213794061608437227394500785448324285816602658256940538474529851938246335170327175960530845214893797494347110874587480636468441176895239041103116113264176211402957954168096285538817001441229755012651238300742021816281940895161305540227465805939946873651898783708223639737112961745101980267524401518195507133005847111178312235800784712645280047549375909366680818923578110615470651442052722099525340120237086807302702286678788242428098500342121133448577398772650327156
-0.310733315629442007708065381513532171326106968586171534715120676079237784115153856836544947081691830140476223663029725762184009417922323588640932854500756566465170725738938096788660857481003818422742698459514568620565071763659445914546149042768378130616328230327010291451849361557412424377287007947258331622226564464774210602312274884036690443764161177363113505856299226980352944258299791167104076710083903993140601792735813286126470181929624958743850583209380064510583122934594698923529532910450814468946454180348722035694558866437060911123248111953057865649168699734850122274181396013158617653211649468370222433246056
-0.0598403736475666152036144978886904266927174152421212307743504760345283242427628906366513898897542655181694567526143404732513618368363250387048978825366469876845223674677959554534908850850144218926744381151194163639356625763408788427633339359866127046949776797545799278318109624722056069845688825439184630440844055414379237955678014921209297758902440477400105618794013224922583565741249557659389824676136467099464910553939171920232540923735820896185811882150977331204745327412403914226303441228340143696695195747053686445662810487956199134955669986126463837573511205140965306691723530619185880973986937367173578649541048
0.492792535747945603267851433783067506267159063868353871167670915654701905046835844232010124954622172072635945225046696098860913795917106513316033715564315769094728846703482848408017466369959817522462537378906875451935312765191091318767319526806579081591103136745417911817423671540147170350220796761343361432453461320407331559370672176884179800861414924543139838485235828677963225298910884965976196423093463478005982508730910335847370117696704957474451780080920045999031058497909092358707581136264453936093170848685202708866662630219027267054605832211183212867459015397879406791255674342672449965320449301263204800143225
1.46162022914609137425698426755777014873239500320909699003333293246078942378892141323760251442980234234182287149764485551038243949351125655657130251650166321766922203399966738669997215831293728916189782029648231545846173471943881584394538417872856610617811684302621903447110883892682559395251322571759278612049213054005490127975425977930359462345824564757552313783737686602139535203496038810253656726611562624237379454401483661129757885042573527477212200153324337938944133175780615709971193053907755821421950945526783494649940753782897367735605301272707488048783976126728271711795197160898838254692329946021769887175955
-0.583839075617028354613155821938615056980729683249158095711532696001725220477840509996416302412978418755813136307047485373807982034669714442541505495028575432614257787496416182865837882116878866368943221100755205925896313144629582405403220726780154352457914069690046727004872186437354732940878131987759352886634621854250098441244855580030154204665255347015538908586912145226747276501446526135469704511511539017292684204616016468995224693819233183884142010189685627757414734579880159112259634642057183311696706548898946975105230252815320119791843734372553843948778956416215470965853896876583626761633405556393323373701612
0.109372413717044275029249641492184586962462217139430931812418529086747013578801722842205602100241014993434031918135882763842924145622641315398161172976639143986858801467105804762563147162405851143829930159954724219910444532462497871298771024444875090236467546426539744781083137287594932672097431091941285303847149181251069790423370544022320540456550086742044436694262188147225806007370152421318206687542332062333397916928502951165438527868907445828500620455078443098544420200739402724700114479581197669789825575116794481680329142130906176952961188859173998158900161023249596687043858681521032816048592456386223799628863
0.427772513041692992793502942020965295898375673059694039683359678935516981819517955371247723462800860716643862121151620047099293186847922973126348101472546685362230791403235330735536495630796537979853533832026086194797232026592552913380266176274267528657398492673698457366492882227271404503328564036746766941011413364734303894901848059594737301071112129449478326880471024899246466815926101953037942840418796487076034814995361420404695903736588607024640765252697366934121421201624162439835380906045046098896458110016008878150963960730499016685689984325701477595296547166140702334713489963323587516337922282434207748174607
0.092561449915371620667367009533829281424420823485519328462116833744545179459270131554048923087731742065394721712865111146884801377845971862071340525766452152368558664943492484697465793903993418739884550997242688885576726342426420446711397158599282999025490668746623695366701352636096420971006189105243804068908136295024925994479995714157119859816352556644344936014273813996943158736112356381480781007769059151740766599294935985706071443428698574751873969660962020743132237362053865846452343003091385319448402934394628283787956509060815246667190114427423186956060721563451241520694280060347343560263020512238605315000452
0.418195043860018260605900846438825127734298416544965270818669719153314271265869180619976719183922136578196473219740345454232150363676641599215150198893463966666565813720112619325116736771215924089225891307379807231507317858864342405001327113869703553948606622192288123796578567596175430711187385766858123843930975597838103368813345550119674837735358687762766401002236947153664562308491851627601698230629253384831609966520862377019361079918157353869794344145382116140474939673248494524925640069662957118235350896366881466660652250643419891220934379774021894056528183643529694049614996785417175962089522368774698061234234
-0.0561525159342259202138249582761718912277224120449212516001883820427917854623473414441857603734079777002623610575568804884041071506996209575221615487530689445805202180670053534805863762355131900299125615338476437239859669485539701198726306286904491225646170939666126338061573676439790511050785857230071490302183868233074222201238429049319462140076148417277013111636927489764083566767400676016790372885044451815657213101630764412132193765273240732369081786759490879184647674900448571009240866876860221336523518845721848916736616205464563461256079166574243960404641461811176807336365975238306493484498854105631168297605649
0.0082510954000987711178045187903675992081652818153116808236236211226683393388883510567067925387122233465932720856639210763449380767064432077111615496439669961963061465330591139599042027671014580771186552372443371921942461882081564834808691555023199506966537639274626124953014278968408622474590157222171688725207123844590191715052830370380936749282413811290672105724487747793283628088396052182404085221450040955839120124234137069176524215749720917620984791618291410021917490523789315650106082293054359272823143686778717813937597579808160145988322492711038392736785327847464461415699720332215094937108277907293819057224034

