0 128 -339 -417
0.1855960093850211242783846280147024183163
0.3302004946595162928271155604830310463678
0.06974675154130725312549289416585269485974
0.9437859330638282738146993080708009331739
0.6688557191820497437006286145386335528121
0.469955999774029656633001347638286829365
0.19222514432693747686326823150094048008
0.9206539167646250117708125283683645049306
0.5272623276518306795717539950456998813069
0.3413727016697994990155975851191781065164
0.3575353040188161211278933707073362241974
0.5493264405292837513019485473718495444529
0.7284606125299601082457696146319493216186
0.2332930526500383210871268262135565399599
0.9661001833726201455952582048268128497586
0.4165849110671524794503205677243282478566
0.6567020571788716125340236167088365071655
0.9520646781019462170082451379510166314064
0.2538633941510628198400677659146914674392
0.08924682390062989660892147160177042323743
0.5664462663444090603897270009148486438263

178430 128 6385 3093
0.01525553593185087204607966131201632921141
-4.157719078379176524242730302689673815553
4.530140775391753080480042535864034247603
0.6655226812809032997591331405127751177469
-0.5002387923669030978003623980721243056038
0.2248340006249838508528048965585445494695
-0.3966500433119103381826063998110852551751
0.1885369671548947866612663100691927751257
0.129315466217138371842304415233711026687
1.030868535130836796767619528777476051568
-0.05146417815084244968411397890032917756068
-0.3934061066772549444727825504055232027937
0.5461037015624645494589942047061892388918
0.9842547990363263177092832007946151369104
-0.08548821577069347301138087619451220934511
0.1123925207169222071259909812071674741431
0.01041648204804812322379024661988258996657
-0.0002940837630231294600096617030556019238951
0.5627270106065910217237282033499994867455
0.716419629103468793008419510101878146282
-0.4016615587120070156219192795758774727708

178430 256 6397 3092
0.01525553593185087204607966131201632921140999999999999999999999999999999999969816
-4.15771907837917652424273030268967381555299999999999999999999999999999999978384
4.530140775391753080480042535864034247602999999999999999999999999999999998942337
0.6655226812809032997591331405127751177469000000000000000000000000000000000203543
-0.5002387923669030978003623980721243056037999999999999999999999999999999999976404
0.2248340006249838508528048965585445494694999999999999999999999999999999999900365
-0.3966500433119103381826063998110852551750999999999999999999999999999999999734027
0.1885369671548947866612663100691927751256999999999999999999999999999999999931945
0.1293154662171383718423044152337110266870000000000000000000000000000000000194003
1.030868535130836796767619528777476051568000000000000000000000000000000000119918
-0.05146417815084244968411397890032917756067999999999999999999999999999999999410258
-0.3934061066772549444727825504055232027937000000000000000000000000000000000073424
0.5461037015624645494589942047061892388917999999999999999999999999999999999874366
0.98425479903632631770928320079461513691039999999999999999999999999999999999278
-0.08548821577069347301138087619451220934510999999999999999999999999999999999643712
0.1123925207169222071259909812071674741430999999999999999999999999999999999635977
0.01041648204804812322379024661988258996657000000000000000000000000000000000690193
-0.0002940837630231294600096617030556019238951000000000000000000000000000000000329842
0.5627270106065910217237282033499994867455000000000000000000000000000000000024978
0.7164196291034687930084195101018781462819999999999999999999999999999999999858314
-0.4016615587120070156219192795758774727708000000000000000000000000000000000157888

178450 256 12824 6302
0.0152555359318508720460796608196319420733694955993995047887118068306556870415397
-4.157719078379176524242730305702369338391491575328172454068039599814753789025821
4.530140775391753080480042532839398348825115257501275008926479239223134258521072
0.6655226812809032997591330992895026574909909866516626670613571686016104265995725
-0.5002387923669030978003623581875048463650291065938992540147294681718440803115434
0.2248340006249838508528048980790519479667696674707336640642271591559091867648553
-0.3966500433119103381826064534410227319725901076155683320029856424107121634149905
0.1885369671548947866612663603747513141317724076732318905767568423986555106703101
0.1293154662171383718423044113122163379834647367706358099324637656360217447647325
1.030868535130836796767619538599816674504709293888458063126859053171040627173008
-0.05146417815084244968411394874306008623958577869286026671770643804471137397931745
-0.3934061066772549444727825786910600623405755867912771587401693362747024825486731
0.5461037015624645494589942038275385911160548898409854191539880834008769030891337
0.9842547990363263177092831921651502363557671764930284049933214263734791171342647
-0.0854882157706934730113808685585686788916607008498763986894336695746931436139241
0.1123925207169222071259909798459327625245722163263647574328969626118174262839011
0.01041648204804812322379024833392593621241386114886389519358532952161624605445778
-0.0002940837630231294600096787200138713915113702824873166944403821972996808567848304
0.5627270106065910217237282211653319877391214775005379244774531243822758600296152
0.7164196291034687930084195399909426516096047844505108451318290702411234120251244
-0.4016615587120070156219193106161194666942009691437901055413241045798226211805738

178450 512 12727 6238
0.0152555359318508720460796608196319420733694955993995047887118068306556870415397000000000000000000000000000000000000000000000000000000000000000000000006548962
-4.15771907837917652424273030570236933839149157532817245406803959981475378902582099999999999999999999999999999999999999999999999999999999999999999989897960562
4.53014077539175308048004253283939834882511525750127500892647923922313425852107199999999999999999999999999999999999999999999999999999999999999999998329528233
0.665522681280903299759133099289502657490990986651662667061357168601610426599572500000000000000000000000000000000000000000000000000000000000000000020025051473
-0.500238792366903097800362358187504846365029106593899254014729468171844080311543400000000000000000000000000000000000000000000000000000000000000000078839548117
0.224834000624983850852804898079051947966769667470733664064227159155909186764855300000000000000000000000000000000000000000000000000000000000000000014294450362
-0.39665004331191033818260645344102273197259010761556833200298564241071216341499050000000000000000000000000000000000000000000000000000000000000000013631565398
0.188536967154894786661266360374751314131772407673231890576756842398655510670310100000000000000000000000000000000000000000000000000000000000000000000097760637
0.129315466217138371842304411312216337983464736770635809932463765636021744764732499999999999999999999999999999999999999999999999999999999999999999997416692446
1.03086853513083679676761953859981667450470929388845806312685905317104062717300799999999999999999999999999999999999999999999999999999999999999999997028142641
-0.051464178150842449684113948743060086239585778692860266717706438044711373979317450000000000000000000000000000000000000000000000000000000000000000000059448037
-0.393406106677254944472782578691060062340575586791277158740169336274702482548673100000000000000000000000000000000000000000000000000000000000000000000583759638
0.546103701562464549458994203827538591116054889840985419153988083400876903089133699999999999999999999999999999999999999999999999999999999999999999994313753905
0.984254799036326317709283192165150236355767176493028404993321426373479117134264700000000000000000000000000000000000000000000000000000000000000000023206620371
-0.0854882157706934730113808685585686788916607008498763986894336695746931436139241000000000000000000000000000000000000000000000000000000000000000000015951879488
0.11239252071692220712599097984593276252457221632636475743289696261181742628390109999999999999999999999999999999999999999999999999999999999999999999864435298
0.0104164820480481232237902483339259362124138611488638951935853295216162460544577799999999999999999999999999999999999999999999999999999999999999999992770448851
-0.000294083763023129460009678720013871391511370282487316694440382197299680856784830399999999999999999999999999999999999999999999999999999999999999999936558226839
0.562727010606591021723728221165331987739121477500537924477453124382275860029615199999999999999999999999999999999999999999999999999999999999999999997033736928
0.716419629103468793008419539990942651609604784450510845131829070241123412025124400000000000000000000000000000000000000000000000000000000000000000006281603394
-0.401661558712007015621919310616119466694200969143790105541324104579822621180573800000000000000000000000000000000000000000000000000000000000000000051752647007

178472 512 25828 12818
0.0152555359318508720460796608196319420733694955993995047887108938973209649820847429018834688286481881813228614941773822767695487420115914572445184175141474545
-4.15771907837917652424273030570236933839149157532817245406804518593092957187105240681595227662113107559450776508613522207040249767370115339340309779345500202
4.53014077539175308048004253283939834882511525750127500892647363147563491938133243287974206950516586620815078228802842525997329092153538510320616317043744542
0.665522681280903299759133099289502657490990986651662667061280980032009327475944857892761724963631887360326790687091950956496415159380928072580387514320528077
-0.500238792366903097800362358187504846365029106593899254014655770933502135836734289940101813006812027784198036046341256316147015686473155521700266220507266671
0.224834000624983850852804898079051947966769667470733664064229963762646023876541620942699591431234013300348688726464711836779886033630527453667314820537974751
-0.396650043311910338182606453441022731972590107615568332003084742869846796275503285325378535375921233458331353568266382541617853599633411906599234495186053526
0.188536967154894786661266360374751314131772407673231890576849807368510141779654041668541675755209510011899198805267384649868366390648388581670248539583943324
0.129315466217138371842304411312216337983464736770635809932456448252802677793928333648028021683923975026353107970711108981167154427375297806583077338558525807
1.03086853513083679676761953859981667450470929388845806312687721291543981501924083906675616232295699546807199820992167184666396019616799793044462112814777406
-0.0514641781508424496841139487430600862395857786928602667176507233254526014987493135004771711515619598253079865431440941757013583079530081670205844562415003763
-0.393406106677254944472782578691060062340575586791277158740221620125078500045654647045217764428594433494180971916877522357534405448712901305189292691593069519
0.546103701562464549458994203827538591116054889840985419153986475541817204622409840687023793837320972788676489922017744148698366614857244414107280898024981047
0.984254799036326317709283192165150236355767176493028404993305450299743073269716563809323413934966288082387532973324349308056354425207271120955082074481218545
-0.0854882157706934730113808685585686788916607008498763986894195823910291763477224439506522721921308675515750644353204769235189566108683408740711854116900413603
0.11239252071692220712599097984593276252457221632636475743289443565869219002290088736350834326957519973488595251059992965396331006906447114225502556064043515
0.0104164820480481232237902483339259362124138611488638951935885024869685681086843487781572538976110162080941999563263663775713405936572921667518522245236812566
-0.000294083763023129460009678720013871391511370282487316694471850752596941312313878811455372484887234685143996423508662162452872037235988646151689086027960162277
0.562727010606591021723728221165331987739121477500537924477486033768708089193713845747521656989112436043790406202643405305303808578295965085907430111940200439
0.716419629103468793008419539990942651609604784450510845131884342035906992400670559267240234736044074579809960229317957011250601313490112859700859372453218356
-0.401661558712007015621919310616119466694200969143790105541381463197678898413655762344972116407455491881436522475378996185636188517282889444740706356015589427

178472 2048 25863 12965
0.0152555359318508720460796608196319420733694955993995047887108938973209649820847429018834688286481881813228614941773822767695487420115914572445184175141474545000000000000000000000000000000000000000000000000000000000000000000000000000000000000000000000000000000000000000000000000000000000000000000000000000000000000000000000000000000000000000000000000000000000000000000000000000000000000000000000000000000000000000000000000000000000000000000000000000000000000000000000000000000000000000000000000000000000000000000000000000000000000000000000000000000000000000000000000000000000000000000000000000000000000000000000000000002
-4.15771907837917652424273030570236933839149157532817245406804518593092957187105240681595227662113107559450776508613522207040249767370115339340309779345500201999999999999999999999999999999999999999999999999999999999999999999999999999999999999999999999999999999999999999999999999999999999999999999999999999999999999999999999999999999999999999999999999999999999999999999999999999999999999999999999999999999999999999999999999999999999999999999999999999999999999999999999999999999999999999999999999999999999999999999999999999999999999999999999999999999999999999999999999999999999999999999999999999999999999999999999999999994
4.53014077539175308048004253283939834882511525750127500892647363147563491938133243287974206950516586620815078228802842525997329092153538510320616317043744542
0.665522681280903299759133099289502657490990986651662667061280980032009327475944857892761724963631887360326790687091950956496415159380928072580387514320528077000000000000000000000000000000000000000000000000000000000000000000000000000000000000000000000000000000000000000000000000000000000000000000000000000000000000000000000000000000000000000000000000000000000000000000000000000000000000000000000000000000000000000000000000000000000000000000000000000000000000000000000000000000000000000000000000000000000000000000000000000000000000000000000000000000000000000000000000000000000000000000000000000000000000000000000000000002
-0.500238792366903097800362358187504846365029106593899254014655770933502135836734289940101813006812027784198036046341256316147015686473155521700266220507266671000000000000000000000000000000000000000000000000000000000000000000000000000000000000000000000000000000000000000000000000000000000000000000000000000000000000000000000000000000000000000000000000000000000000000000000000000000000000000000000000000000000000000000000000000000000000000000000000000000000000000000000000000000000000000000000000000000000000000000000000000000000000000000000000000000000000000000000000000000000000000000000000000000000000000000000000000015
0.224834000624983850852804898079051947966769667470733664064229963762646023876541620942699591431234013300348688726464711836779886033630527453667314820537974750999999999999999999999999999999999999999999999999999999999999999999999999999999999999999999999999999999999999999999999999999999999999999999999999999999999999999999999999999999999999999999999999999999999999999999999999999999999999999999999999999999999999999999999999999999999999999999999999999999999999999999999999999999999999999999999999999999999999999999999999999999999999999999999999999999999999999999999999999999999999999999999999999999999999999999999999999998
-0.396650043311910338182606453441022731972590107615568332003084742869846796275503285325378535375921233458331353568266382541617853599633411906599234495186053525999999999999999999999999999999999999999999999999999999999999999999999999999999999999999999999999999999999999999999999999999999999999999999999999999999999999999999999999999999999999999999999999999999999999999999999999999999999999999999999999999999999999999999999999999999999999999999999999999999999999999999999999999999999999999999999999999999999999999999999999999999999999999999999999999999999999999999999999999999999999999999999999999999999999999999999999999998
0.188536967154894786661266360374751314131772407673231890576849807368510141779654041668541675755209510011899198805267384649868366390648388581670248539583943324000000000000000000000000000000000000000000000000000000000000000000000000000000000000000000000000000000000000000000000000000000000000000000000000000000000000000000000000000000000000000000000000000000000000000000000000000000000000000000000000000000000000000000000000000000000000000000000000000000000000000000000000000000000000000000000000000000000000000000000000000000000000000000000000000000000000000000000000000000000000000000000000000000000000000000000000000003
0.129315466217138371842304411312216337983464736770635809932456448252802677793928333648028021683923975026353107970711108981167154427375297806583077338558525807
1.03086853513083679676761953859981667450470929388845806312687721291543981501924083906675616232295699546807199820992167184666396019616799793044462112814777405999999999999999999999999999999999999999999999999999999999999999999999999999999999999999999999999999999999999999999999999999999999999999999999999999999999999999999999999999999999999999999999999999999999999999999999999999999999999999999999999999999999999999999999999999999999999999999999999999999999999999999999999999999999999999999999999999999999999999999999999999999999999999999999999999999999999999999999999999999999999999999999999999999999999999999999999999998
-0.0514641781508424496841139487430600862395857786928602667176507233254526014987493135004771711515619598253079865431440941757013583079530081670205844562415003763000000000000000000000000000000000000000000000000000000000000000000000000000000000000000000000000000000000000000000000000000000000000000000000000000000000000000000000000000000000000000000000000000000000000000000000000000000000000000000000000000000000000000000000000000000000000000000000000000000000000000000000000000000000000000000000000000000000000000000000000000000000000000000000000000000000000000000000000000000000000000000000000000000000000000000000000000003
-0.393406106677254944472782578691060062340575586791277158740221620125078500045654647045217764428594433494180971916877522357534405448712901305189292691593069518999999999999999999999999999999999999999999999999999999999999999999999999999999999999999999999999999999999999999999999999999999999999999999999999999999999999999999999999999999999999999999999999999999999999999999999999999999999999999999999999999999999999999999999999999999999999999999999999999999999999999999999999999999999999999999999999999999999999999999999999999999999999999999999999999999999999999999999999999999999999999999999999999999999999999999999999999999
0.546103701562464549458994203827538591116054889840985419153986475541817204622409840687023793837320972788676489922017744148698366614857244414107280898024981047000000000000000000000000000000000000000000000000000000000000000000000000000000000000000000000000000000000000000000000000000000000000000000000000000000000000000000000000000000000000000000000000000000000000000000000000000000000000000000000000000000000000000000000000000000000000000000000000000000000000000000000000000000000000000000000000000000000000000000000000000000000000000000000000000000000000000000000000000000000000000000000000000000000000000000000000000009
0.984254799036326317709283192165150236355767176493028404993305450299743073269716563809323413934966288082387532973324349308056354425207271120955082074481218545000000000000000000000000000000000000000000000000000000000000000000000000000000000000000000000000000000000000000000000000000000000000000000000000000000000000000000000000000000000000000000000000000000000000000000000000000000000000000000000000000000000000000000000000000000000000000000000000000000000000000000000000000000000000000000000000000000000000000000000000000000000000000000000000000000000000000000000000000000000000000000000000000000000000000000000000000012
-0.0854882157706934730113808685585686788916607008498763986894195823910291763477224439506522721921308675515750644353204769235189566108683408740711854116900413602999999999999999999999999999999999999999999999999999999999999999999999999999999999999999999999999999999999999999999999999999999999999999999999999999999999999999999999999999999999999999999999999999999999999999999999999999999999999999999999999999999999999999999999999999999999999999999999999999999999999999999999999999999999999999999999999999999999999999999999999999999999999999999999999999999999999999999999999999999999999999999999999999999999999999999999999999995
0.112392520716922207125990979845932762524572216326364757432894435658692190022900887363508343269575199734885952510599929653963310069064471142255025560640435150000000000000000000000000000000000000000000000000000000000000000000000000000000000000000000000000000000000000000000000000000000000000000000000000000000000000000000000000000000000000000000000000000000000000000000000000000000000000000000000000000000000000000000000000000000000000000000000000000000000000000000000000000000000000000000000000000000000000000000000000000000000000000000000000000000000000000000000000000000000000000000000000000000000000000000000000000001
0.0104164820480481232237902483339259362124138611488638951935885024869685681086843487781572538976110162080941999563263663775713405936572921667518522245236812566000000000000000000000000000000000000000000000000000000000000000000000000000000000000000000000000000000000000000000000000000000000000000000000000000000000000000000000000000000000000000000000000000000000000000000000000000000000000000000000000000000000000000000000000000000000000000000000000000000000000000000000000000000000000000000000000000000000000000000000000000000000000000000000000000000000000000000000000000000000000000000000000000000000000000000000000000002
-0.000294083763023129460009678720013871391511370282487316694471850752596941312313878811455372484887234685143996423508662162452872037235988646151689086027960162277000000000000000000000000000000000000000000000000000000000000000000000000000000000000000000000000000000000000000000000000000000000000000000000000000000000000000000000000000000000000000000000000000000000000000000000000000000000000000000000000000000000000000000000000000000000000000000000000000000000000000000000000000000000000000000000000000000000000000000000000000000000000000000000000000000000000000000000000000000000000000000000000000000000000000000000000000007
0.562727010606591021723728221165331987739121477500537924477486033768708089193713845747521656989112436043790406202643405305303808578295965085907430111940200439000000000000000000000000000000000000000000000000000000000000000000000000000000000000000000000000000000000000000000000000000000000000000000000000000000000000000000000000000000000000000000000000000000000000000000000000000000000000000000000000000000000000000000000000000000000000000000000000000000000000000000000000000000000000000000000000000000000000000000000000000000000000000000000000000000000000000000000000000000000000000000000000000000000000000000000000000007
0.716419629103468793008419539990942651609604784450510845131884342035906992400670559267240234736044074579809960229317957011250601313490112859700859372453218356000000000000000000000000000000000000000000000000000000000000000000000000000000000000000000000000000000000000000000000000000000000000000000000000000000000000000000000000000000000000000000000000000000000000000000000000000000000000000000000000000000000000000000000000000000000000000000000000000000000000000000000000000000000000000000000000000000000000000000000000000000000000000000000000000000000000000000000000000000000000000000000000000000000000000000000000000011
-0.401661558712007015621919310616119466694200969143790105541381463197678898413655762344972116407455491881436522475378996185636188517282889444740706356015589427000000000000000000000000000000000000000000000000000000000000000000000000000000000000000000000000000000000000000000000000000000000000000000000000000000000000000000000000000000000000000000000000000000000000000000000000000000000000000000000000000000000000000000000000000000000000000000000000000000000000000000000000000000000000000000000000000000000000000000000000000000000000000000000000000000000000000000000000000000000000000000000000000000000000000000000000000007

178494 2048 123324 61570
0.0152555359318508720460796608196319420733694955993995047887108938973209649820847429018834688286481881813228614941773822767693034549332957650973161702323851070664738159947927501659503908591668669452948172960179557883362291875276957728066019752346793566724334633940132300904012914910989376225903572394284413474710326247369087019589436249081193944446659712374100081297571340336697653663205636915971553752948314519353787631622323031169840214923276021195235261612257373475580916215511224639474684600715894101473977756148182911468884888752246508799119502132909346672293461539133436193536833760799408397339287231958330679499251
-4.15771907837917652424273030570236933839149157532817245406804518593092957187105240681595227662113107559450776508613522207040399848722203739360716109271860467416938685537584469549055576489077564245754796516092345087282642656520645977344383501638899043174946597858702412649270839288351070515832454522448539610902464060531717033091676495785060820261679342326034144500571801115351402670068948658677464755561322217717086375291075585844501145966403322620202370627713598947116908045860334279941315194466293192487192537631338273606904204016963090274961493014366818171634803286195606006023232977649464051593945509176322378761374
4.53014077539175308048004253283939834882511525750127500892647363147563491938133243287974206950516586620815078228802842525997178416364813240218811972929681114287801145306532353027541484622539361424583354529462880104060350821212686584423595762161135169602892771397933734545265531496757917482187611432021625830280275792415338116242136446239532552272270062291131166011146938396517415557755866856550556527310365478985821151793098071486060535891527073955095701498674002584229302969434808141009094921174801343634397992691626541218581578465694792808156176013167383592032620605032622535140610754237538959348952896737757362063921
0.665522681280903299759133099289502657490990986651662667061280980032009327475944857892761724963631887360326790687091950956475880972279962994787674475975516353041972096590719331193265236086934681915469985579576683336336112777668942862517941766048127596071705553686420359976161540489447897085021203649330181757097080373293763242345053671143110209308594719186244319056091433084868465431258901642056124108773583689653194982225646271881192862683875517561654153522160738762055351076910194082918740663974488229496183949347924488835435549046899848085569209706215164437981504920347347865681692312747435911095627426825277465780964
-0.500238792366903097800362358187504846365029106593899254014655770933502135836734289940101813006812027784198036046341256316127148433378965598264445257846024820367004790120567062012180319824252769893705138260818235206135560035964017325763631476672676745848972832245368899155912547644234567856318093430264665851118194659105549437462996988609429096465055294498133696255812820699807348605308339478599418968402040652385974895730839578352179500276217078308067603653352429999749321226464756324244689216615470751290366741448481644877906384384339236002278384902596316565708855283900702218819043577892558882204678124440811595497477
0.224834000624983850852804898079051947966769667470733664064229963762646023876541620942699591431234013300348688726464711836780643404151774744363792886016056660462570805902345204768375617014474239141568220447715683279231602714374306286096652738507839666726244836530063652183558177593695409586333349225297540016198560650976910921070999426187701974725521334614828707163447331647211850375798197218386578821033368098191551528363554438715334254338364539361812770475042847490966111892557102565822446262831712710111181545509517743222184548522404772517382769262982499067300469344109783640587407423124567193688091148819214731709429
-0.396650043311910338182606453441022731972590107615568332003084742869846796275503285325378535375921233458331353568266382541644567682390671305001785079158658208352576804004077923844727540138089809288704401773568930574521505827476323146265714752831752369178459177484322105480120067376722846695901418008732588214637698661726816423022697613237054514332057613229414522718424042907797722831364873213956542126709023658957070046058021728474730659234381311115002287521642964150429649164439582170630862067442123223744928435808156503988261155799932010118814175268328055207480891960332961290472472563772852803093935478865293589609932
0.188536967154894786661266360374751314131772407673231890576849807368510141779654041668541675755209510011899198805267384649893424587407259758365681659744080926928732847355012359432884161433712829123393839572352517735409693539406660378080921718683537077813488020691685231474207199711136080050414646525128759137993656854665050793286215364032913130032517571453665574471661208354566314424043689174409794019201911071849385605935936083769819114529684105500403919237816392964719951844577178416074449494158173727310642918773734351639034564614555219046195421421633240985574642012473292628998510534872785291358591587044880170316236
0.129315466217138371842304411312216337983464736770635809932456448252802677793928333648028021683923975026353107970711108981165200566218528896056194335822339126803107900211460766076549088617211080032534872305849636187460698811440940865953481430307022030934053835893562019141436948775407713302155643426319996932901425937136793585039520473006487328169562795799818493841215253862950450026047354456407716455002655695468602355737602141891274670717983440239831336900232595531934059057923116743854899194211167452751054560749229698243799039126156353518486973008369240403462587487823587461266712571722847971762795738292729001653226
1.03086853513083679676761953859981667450470929388845806312687721291543981501924083906675616232295699546807199820992167184666885295467422868778495556478215603334608634568054215933579046759294265553971907956677922892550210837776016410316502950304362974874260567183714087192178422815188452832427777414219131322894809723849825659660136338771916199878243982670205917007257217798744462852615577436497140219305339843321836388130768213027623570359060949878770015047148268759296867425192151967151972465647876732793727782800046445742002515070314793234834417272063225375279171278181591161550590429982835017375580564776084560109279
-0.0514641781508424496841139487430600862395857786928602667176507233254526014987493135004771711515619598253079865431440941756863364980258609939618589055576735726085527647519922233199976341051548314822106137370800707404588967726322590859793088546027166823039057400853389723133995694547940991440738953887200428695806771209983119380445032760040049005286466981990489228508993320180051956917719926773476908184025337317153563987773274000884385586368050104021907517213963982173397764701497501519288518817975075994570334868990365910021791690941039479706909337880344317614154280548571574894787735297319746057633233263244569903633692
-0.393406106677254944472782578691060062340575586791277158740221620125078500045654647045217764428594433494180971916877522357548495131770065062362594096406997422059483451364100463127212883197077776984423008324417878099106593437006863418345048630770432973384842254935310227998430472483962245576754388275564558720504833430488759875820264547920223135879865839269718871537715085946031027343205349379243090759204459977764974005633088268072844940478222804304515104938731618295154489944853357301277096803989646745685463939201748678172549700787796582754353188210941207561086137136744939756162111689775024035756094961137695892472769
0.546103701562464549458994203827538591116054889840985419153986475541817204622409840687023793837320972788676489922017744148697929061131642035470121800920578454267316078985522963335881313377374351358074185507277421422502234140569606985947387637625546049469409968133336154688302208233607693870548665461772344318410737333150566952722184882819609860020166263051772820578379804926812501742636637533728143278987985092080099499053756484370399988517879511617009525944486176437714084577058218547991206840363572048761907861757147763830325085715049018764389153390288812573194686697836975689463291467129297369678720732391524157067933
0.984254799036326317709283192165150236355767176493028404993305450299743073269716563809323413934966288082387532973324349308052055729126867203840246889711218261176073481046483067503073307630386864589784037047572179299058565272359524217835761863161924147499469344443867975817060800483221999070029403457165073906614019282279213896380268599705691917571269724984131046135915205241797678725804030009572346030974843441548688019810846069144816903687406316764955627834226283525148220879963091458221870663224009701896057656899866352758123624771515664984059568223615702234578455152635949384567373296424717195801007831570210475123082
-0.0854882157706934730113808685585686788916607008498763986894195823910291763477224439506522721921308675515750644353204769235151531604625831829859156886671257207753533439159133443917441037055286074812246004933516518819953092032900086994587920154143205412801313175565549301935329667780733482197497852546528166349392460639427090352376856586010737411829234505671360723256805922045739574334633254867097077323558348241484571144541868853539333930902580136752592971185844434503680390420182025530071288178004274055154680925562288474137198406046641530234045996149288754852715766588708278283897795440470159239603102764995817493445024
0.112392520716922207125990979845932762524572216326364757432894435658692190022900887363508343269575199734885952510599929653962631940959021508868057621205105380101643131374980729276566370810660872599443237049448231256435387031696651966541090116864221246069441891188242123512478244746315480006170684787366699972053637120004050280149569619236364684828432014483504363985392960950719956293902044037589294895846576273465376940016421421899953332989241213425702891683415453274607568851674765638351507567358890354314466570546063762078924192259976868880486197903031226430241453414916281909586899588118181413100247433219807671196596
0.0104164820480481232237902483339259362124138611488638951935885024869685681086843487781572538976110162080941999563263663775721944303482716762255572831300434377233343599971426428183130533842041753297214440367708019190978615812333611072648208758691779170207933338953054058536656838942729759431914647913508854655360510025106856050516658302405921929260542152458641767093733698793160691325586568702248848166680524900343266195386510212309336189046275239663444920947137352767807935090406017459331047948930370240529678424467989161888653371902402564198592636213595300147811640866054272083089597421073412758194343004051023700158985
-0.000294083763023129460009678720013871391511370282487316694471850752596941312313878811455372484887234685143996423508662162461348637875314839660020005544048205379214533973543452071167736258018144561988811325336146471133331863315313806254160657306601643687534590375717736546720022943970109785396172112725762625026413146348948990887534825100615763258301645521355628282632295853973378333475754840432829071678639070715610934736040901330348068253330368796882036859732210768624153269297379199870628745597226847410791849638431306619358031792830417731085287169403373027452411744650236431841089597138867128435815310962837556779408454
0.562727010606591021723728221165331987739121477500537924477486033768708089193713845747521656989112436043790406202643405305312682614938301695759965930989857881201273257948625029754161555124330639161752132857569008821458482163817808909020782547294413755549195868006995486424835926353033001028821740244771376399575243367775529905711750397181224577887757341641500757213316684541383737467897145005553297572409487840661408576578499184294624205047388096460359027097999634872548866922904395639705953036858695183451025894411955555491302475986573742887307581415770989032446330935830967910679605069650681448158835679274861158898474
0.716419629103468793008419539990942651609604784450510845131884342035906992400670559267240234736044074579809960229317957011265489909131591891656398375253341471066109769904332277063853478106748271286600188287519172503475430438141132745247638202667370318847249418397221369206117722199178242658692374523912106378524654906629093785266088302716379961100069021131033355053265747813100459796202014060279174214080069461788145354757057101908859929221093651706532397678952236887902718931927072921547446523881610971628514994589114969870866248070625525668818618282165175234183657383083718009890868805430813143244968066239340854140291
-0.401661558712007015621919310616119466694200969143790105541381463197678898413655762344972116407455491881436522475378996185651650257501871932849959205034299964713145985251537226841726721167925813815528190905971068029333829351573640921820171085388581593799145921112046648450377554248829589851480092234675305590663173250570410585291539324273945653484010946980547024678716467330546844357084105133213822427325546995233646556154587828004023017909020116762056771695348849543215794946249456745667383177395006686036183452355501897010600221714585976125386374052923547684200194075786158606625243608168150151887670168176274497471885

