0 128 -311 -395
0.1771505386954750738583724309545495875526
0.5275360821997911639529802019933230205239
0.6906257437272488899283774230528158557517
0.2469548979921317617626017716939083068907
0.2031321718509518009532857628493594871789
0.1075531600609364806038866740255279608612
0.1157007067513848426518652173834676881961
0.503074088125476238099742560264446118249
0.1670976866117746929555453681025140080908
0.6448960764908049612383400464779258522976
0.8549508801792692795559107347935110848587
0.3289945634765727208501633062986568018997
0.5944854645201719647723265350792403003709
0.7942302807222041816787545367353907479703
0.1461500265792962629224851375538888333112
0.4815333570979611989223453277832759493907
0.1055984808952203275259741695739683969063
0.2846430417964782812107416867353965853169
0.6427426361306223771243462575504232487842
0.1114248735406358394294315745894580212124
0.5787857643843659991540698579219765543305

2966 128 6399 3167
0.1531526632060283175989466540083862485547
0.02791796416993492951236852056820517463671
0.24731793752224725071990371487373601794
0.2625512491975526606183325334311715187075
-0.4800577761753868998776491287302876740527
0.7128373125397215233395045547485731919094
0.2973745877937634027152201642697431820328
0.02998822428322907055583129753782774551098
-0.4419626026208327571756241995664197388491
0.9631724162244033471575093140418467844042
0.488305297289936944816877872676526976881
-0.5999564622835524791988366656999539530002
0.1889070120934721538895279992391169838409
0.5852607566430667203660730808015474666394
-0.1233014692656130010194581632724959416288
0.1014193117506200821072156964146729234509
7.302151167971452782114862939938139720244e-30
0.2664732229022832100648302652375650136402
0.6622757183823140565975660976468164623879
0.3713458773644067344719950415317327277101
-0.4015141303996240832416071008380917942821

2967 128 6399 3129
0.1531526632060283175989466540083862485547
0.02791796416993492951236852056820555982269
0.24731793752224725071990371487373601794
0.2625512491975526606183325334311715187075
-0.4800577761753868998776491287302876740527
0.7128373125397215233395045547485731919094
0.2973745877937634027152201642697416412888
0.02998822428322907055583129753782620476703
-0.4419626026208327571756241995664212795931
0.9631724162244033471575093140418467844042
0.488305297289936944816877872676526976881
-0.5999564622835524791988366656999539530002
0.1889070120934721538895279992391169838409
0.5852607566430667203660730808015474666394
-0.123301469265613001019458163272495989777
0.1014193117506200821072156964146729234509
7.302413370739270565966395425490278326657e-30
0.2664732229022832100648302652375650136402
0.6622757183823140565975660976468164623879
0.3713458773644067344719950415317327277101
-0.4015141303996240832416071008380910239102

2967 256 6381 3133
0.1531526632060283175989466540083862485547000000000000000000000000000000000110038
0.02791796416993492951236852056820555982269000000000000000000000000000000000129688
0.247317937522247250719903714873736017940000000000000000000000000000000000226465
0.2625512491975526606183325334311715187074999999999999999999999999999999999794734
-0.4800577761753868998776491287302876740526999999999999999999999999999999999515426
0.712837312539721523339504554748573191909399999999999999999999999999999999999977
0.2973745877937634027152201642697416412887999999999999999999999999999999999870475
0.02998822428322907055583129753782620476703000000000000000000000000000000000352212
-0.4419626026208327571756241995664212795931000000000000000000000000000000000445959
0.9631724162244033471575093140418467844042000000000000000000000000000000000039909
0.4883052972899369448168778726765269768809999999999999999999999999999999999894213
-0.5999564622835524791988366656999539530001999999999999999999999999999999999937674
0.1889070120934721538895279992391169838409000000000000000000000000000000000042837
0.5852607566430667203660730808015474666393999999999999999999999999999999999976038
-0.1233014692656130010194581632724959897769999999999999999999999999999999999991709
0.1014193117506200821072156964146729234509000000000000000000000000000000000463379
7.302413370739270565966395425490278326656999999999999999999999999999999999710699e-30
0.2664732229022832100648302652375650136402000000000000000000000000000000000048395
0.6622757183823140565975660976468164623879000000000000000000000000000000000595357
0.3713458773644067344719950415317327277100999999999999999999999999999999999825709
-0.4015141303996240832416071008380910239102000000000000000000000000000000000613613

2990 256 12934 6487
0.1531526632060283175989466540082518499973326697602956167958980106568919116346436
0.02791796416993492951236852057661459832712570280688059338400901592849904212707269
0.2473179375222472507199037148603333397061147665053220718261007504963202528826848
0.2625512491975526606183325334263807387450774425774917039433589167040920336601136
-0.4800577761753868998776491287466852865195018730329148840758542688589106754042758
0.7128373125397215233395045547666655940523496090435688410456007914355587166641091
0.297374587793763402715220164265417658221908626284210308490667061660032474600809
0.02998822428322907055583129755527051539519304634096022781796098266385902429848559
-0.441962602620832757175624199577137249513828936980207875514677341929625010958903
0.9631724162244033471575093140331478770458765881043966298049110763387161091394169
0.4883052972899369448168778726722060589176754498348211591285614592836248457203205
-0.5999564622835524791988366657028566057609210412558957690397608447172358044786423
0.1889070120934721538895279992389450488305607255588450438552458163791849861154194
0.5852607566430667203660730808248338062457533216964791828882702318483002143574788
-0.1233014692656130010194581632726011706878710057497580324511788628955528381701148
0.1014193117506200821072156964173319696187417259758411543487468990106136315112217
-2.791037243804954237543387062541618920134517845455134309552763991511996973310748e-63
0.2664732229022832100648302652197976973689261079945121294682763494614224643363602
0.6622757183823140565975660976630786985109685942882689060592910301980782366038529
0.3713458773644067344719950415534029636767224796304662322019170367872635903118136
-0.401514130399624083241607100853611329175358907889088422078231312667016319724115

2990 512 12913 6376
0.15315266320602831759894665400825184999733266976029561679589801065689191163464360000000000000000000000000000000000000000000000000000000000000000000095006608
0.0279179641699349295123685205766145983271257028068805933840090159284990421270726899999999999999999999999999999999999999999999999999999999999999999845957640641
0.247317937522247250719903714860333339706114766505322071826100750496320252882684800000000000000000000000000000000000000000000000000000000000000000000619488337
0.262551249197552660618332533426380738745077442577491703943358916704092033660113600000000000000000000000000000000000000000000000000000000000000000061701832161
-0.480057776175386899877649128746685286519501873032914884075854268858910675404275799999999999999999999999999999999999999999999999999999999999999999999875627331
0.712837312539721523339504554766665594052349609043568841045600791435558716664109099999999999999999999999999999999999999999999999999999999999999999995899760651
0.297374587793763402715220164265417658221908626284210308490667061660032474600808999999999999999999999999999999999999999999999999999999999999999999990043091438
0.029988224283229070555831297555270515395193046340960227817960982663859024298485589999999999999999999999999999999999999999999999999999999999999999997574452685
-0.44196260262083275717562419957713724951382893698020787551467734192962501095890300000000000000000000000000000000000000000000000000000000000000000014918601092
0.963172416224403347157509314033147877045876588104396629804911076338716109139416900000000000000000000000000000000000000000000000000000000000000000000812742042
0.488305297289936944816877872672206058917675449834821159128561459283624845720320500000000000000000000000000000000000000000000000000000000000000000004098563235
-0.59995646228355247919883666570285660576092104125589576903976084471723580447864230000000000000000000000000000000000000000000000000000000000000000003111871256
0.188907012093472153889527999238945048830560725558845043855245816379184986115419400000000000000000000000000000000000000000000000000000000000000000056898005912
0.585260756643066720366073080824833806245753321696479182888270231848300214357478799999999999999999999999999999999999999999999999999999999999999999926348414086
-0.123301469265613001019458163272601170687871005749758032451178862895552838170114800000000000000000000000000000000000000000000000000000000000000000037549443008
0.101419311750620082107215696417331969618741725975841154348746899010613631511221699999999999999999999999999999999999999999999999999999999999999999982400290734
-2.79103724380495423754338706254161892013451784545513430955276399151199697331074799999999999999999999999999999999999999999999999999999999999999999987549848919e-63
0.266473222902283210064830265219797697368926107994512129468276349461422464336360199999999999999999999999999999999999999999999999999999999999999999868891295323
0.662275718382314056597566097663078698510968594288268906059291030198078236603852899999999999999999999999999999999999999999999999999999999999999999920424387236
0.371345877364406734471995041553402963676722479630466232201917036787263590311813600000000000000000000000000000000000000000000000000000000000000000008115205832
-0.401514130399624083241607100853611329175358907889088422078231312667016319724115000000000000000000000000000000000000000000000000000000000000000000000387718326

3012 512 25844 12958
0.153152663206028317598946654008251849997332669760295616795898010496761995176826891325625619214862761547006104953386378388721175084719576713179571962123640424
0.0279179641699349295123685205766145983271257028068805933840090131647783562266863219854862805673790200557387739041251426158437186232851392589615632619727837434
0.247317937522247250719903714860333339706114766505322071826100754510852627304503719198094501287707646629838002078338482720714050171358297490439929899937856838
0.262551249197552660618332533426380738745077442577491703943358917779447634488006900386538223681684096132983505971301001432339013110760996522770482371044041995
-0.480057776175386899877649128746685286519501873032914884075854264001301887835993220807482162774237815505609283661416912163189838069812606064164264779315579738
0.712837312539721523339504554766665594052349609043568841045600786486773521779382953353096159984668911225435100998737396699158338488463963267478521432480925967
0.297374587793763402715220164265417658221908626284210308490667062878702387391405601477684687378213800373921747501837741698095764124843193205094702183082804908
0.029988224283229070555831297555270515395193046340960227817960978602437591058848068234626152122307056025127289406468803184200312519698691692867251028620155114
-0.441962602620832757175624199577137249513828936980207875514677339088827208928590484531426082516218791975691596976226002226555490796309130394718865538210876532
0.963172416224403347157509314033147877045876588104396629804911077895529700063497051248709127215824339096721096343696243438412178323118648289034646042766443481
0.488305297289936944816877872672206058917675449834821159128561460723493914890687832750441429795392741122786415834644064744132872351701383774882317158622119156
-0.599956462283552479198836665702856605760921041255895769039760843732620981912660816073059685826554354052317581189164994606966629044944821481312603987336714972
0.188907012093472153889527999238945048830560725558845043855245816375232907199386647982672773013133723730151530191328854832408818377544519013154733589446548774
0.585260756643066720366073080824833806245753321696479182888270225525036829502512777930644170939075643643184811070032230748460657827031269974099034790999180679
-0.123301469265613001019458163272601170687871005749758032451178862876065051520978176690819609909149725918237846019742295445137864074682741916059165221862108278
0.10141931175062008210721569641733196961874172597584115434874689791540579945166294497970145732518382192950575063560544311748508087408642191442558349020617167
-3.3791208025486395451858991206073360523792690289409089069169318007872559845209389996491273466001524838285466735471502747576371483085228014020227197310105836e-127
0.266473222902283210064830265219797697368926107994512129468276353739725824120354616029900048158271891350949002671098006456198627542247982427787161118199688912
0.662275718382314056597566097663078698510968594288268906059291025719841922389995980852478263082881963615417442102126268668725115653573892030566595476706446397
0.371345877364406734471995041553402963676722479630466232201917031298309049383433589946356708145310003869007119395097109589910605432602898118580379757622541412
-0.401514130399624083241607100853611329175358907889088422078231308673282595345447131808436476711647680764879314803926827832319429164561605690832667995324455259

3012 2048 25833 12888
0.153152663206028317598946654008251849997332669760295616795898010496761995176826891325625619214862761547006104953386378388721175084719576713179571962123640423999999999999999999999999999999999999999999999999999999999999999999999999999999999999999999999999999999999999999999999999999999999999999999999999999999999999999999999999999999999999999999999999999999999999999999999999999999999999999999999999999999999999999999999999999999999999999999999999999999999999999999999999999999999999999999999999999999999999999999999999999999999999999999999999999999999999999999999999999999999999999999999999999999999999999999999999999998
0.0279179641699349295123685205766145983271257028068805933840090131647783562266863219854862805673790200557387739041251426158437186232851392589615632619727837434000000000000000000000000000000000000000000000000000000000000000000000000000000000000000000000000000000000000000000000000000000000000000000000000000000000000000000000000000000000000000000000000000000000000000000000000000000000000000000000000000000000000000000000000000000000000000000000000000000000000000000000000000000000000000000000000000000000000000000000000000000000000000000000000000000000000000000000000000000000000000000000000000000000000000000000000000003
0.247317937522247250719903714860333339706114766505322071826100754510852627304503719198094501287707646629838002078338482720714050171358297490439929899937856837999999999999999999999999999999999999999999999999999999999999999999999999999999999999999999999999999999999999999999999999999999999999999999999999999999999999999999999999999999999999999999999999999999999999999999999999999999999999999999999999999999999999999999999999999999999999999999999999999999999999999999999999999999999999999999999999999999999999999999999999999999999999999999999999999999999999999999999999999999999999999999999999999999999999999999999999999997
0.262551249197552660618332533426380738745077442577491703943358917779447634488006900386538223681684096132983505971301001432339013110760996522770482371044041994999999999999999999999999999999999999999999999999999999999999999999999999999999999999999999999999999999999999999999999999999999999999999999999999999999999999999999999999999999999999999999999999999999999999999999999999999999999999999999999999999999999999999999999999999999999999999999999999999999999999999999999999999999999999999999999999999999999999999999999999999999999999999999999999999999999999999999999999999999999999999999999999999999999999999999999999999995
-0.480057776175386899877649128746685286519501873032914884075854264001301887835993220807482162774237815505609283661416912163189838069812606064164264779315579737999999999999999999999999999999999999999999999999999999999999999999999999999999999999999999999999999999999999999999999999999999999999999999999999999999999999999999999999999999999999999999999999999999999999999999999999999999999999999999999999999999999999999999999999999999999999999999999999999999999999999999999999999999999999999999999999999999999999999999999999999999999999999999999999999999999999999999999999999999999999999999999999999999999999999999999999999993
0.712837312539721523339504554766665594052349609043568841045600786486773521779382953353096159984668911225435100998737396699158338488463963267478521432480925966999999999999999999999999999999999999999999999999999999999999999999999999999999999999999999999999999999999999999999999999999999999999999999999999999999999999999999999999999999999999999999999999999999999999999999999999999999999999999999999999999999999999999999999999999999999999999999999999999999999999999999999999999999999999999999999999999999999999999999999999999999999999999999999999999999999999999999999999999999999999999999999999999999999999999999999999999993
0.297374587793763402715220164265417658221908626284210308490667062878702387391405601477684687378213800373921747501837741698095764124843193205094702183082804908000000000000000000000000000000000000000000000000000000000000000000000000000000000000000000000000000000000000000000000000000000000000000000000000000000000000000000000000000000000000000000000000000000000000000000000000000000000000000000000000000000000000000000000000000000000000000000000000000000000000000000000000000000000000000000000000000000000000000000000000000000000000000000000000000000000000000000000000000000000000000000000000000000000000000000000000000008
0.0299882242832290705558312975552705153951930463409602278179609786024375910588480682346261521223070560251272894064688031842003125196986916928672510286201551139999999999999999999999999999999999999999999999999999999999999999999999999999999999999999999999999999999999999999999999999999999999999999999999999999999999999999999999999999999999999999999999999999999999999999999999999999999999999999999999999999999999999999999999999999999999999999999999999999999999999999999999999999999999999999999999999999999999999999999999999999999999999999999999999999999999999999999999999999999999999999999999999999999999999999999999999999999
-0.441962602620832757175624199577137249513828936980207875514677339088827208928590484531426082516218791975691596976226002226555490796309130394718865538210876531999999999999999999999999999999999999999999999999999999999999999999999999999999999999999999999999999999999999999999999999999999999999999999999999999999999999999999999999999999999999999999999999999999999999999999999999999999999999999999999999999999999999999999999999999999999999999999999999999999999999999999999999999999999999999999999999999999999999999999999999999999999999999999999999999999999999999999999999999999999999999999999999999999999999999999999999999999
0.963172416224403347157509314033147877045876588104396629804911077895529700063497051248709127215824339096721096343696243438412178323118648289034646042766443481000000000000000000000000000000000000000000000000000000000000000000000000000000000000000000000000000000000000000000000000000000000000000000000000000000000000000000000000000000000000000000000000000000000000000000000000000000000000000000000000000000000000000000000000000000000000000000000000000000000000000000000000000000000000000000000000000000000000000000000000000000000000000000000000000000000000000000000000000000000000000000000000000000000000000000000000000002
0.488305297289936944816877872672206058917675449834821159128561460723493914890687832750441429795392741122786415834644064744132872351701383774882317158622119155999999999999999999999999999999999999999999999999999999999999999999999999999999999999999999999999999999999999999999999999999999999999999999999999999999999999999999999999999999999999999999999999999999999999999999999999999999999999999999999999999999999999999999999999999999999999999999999999999999999999999999999999999999999999999999999999999999999999999999999999999999999999999999999999999999999999999999999999999999999999999999999999999999999999999999999999999994
-0.599956462283552479198836665702856605760921041255895769039760843732620981912660816073059685826554354052317581189164994606966629044944821481312603987336714972000000000000000000000000000000000000000000000000000000000000000000000000000000000000000000000000000000000000000000000000000000000000000000000000000000000000000000000000000000000000000000000000000000000000000000000000000000000000000000000000000000000000000000000000000000000000000000000000000000000000000000000000000000000000000000000000000000000000000000000000000000000000000000000000000000000000000000000000000000000000000000000000000000000000000000000000000006
0.188907012093472153889527999238945048830560725558845043855245816375232907199386647982672773013133723730151530191328854832408818377544519013154733589446548774000000000000000000000000000000000000000000000000000000000000000000000000000000000000000000000000000000000000000000000000000000000000000000000000000000000000000000000000000000000000000000000000000000000000000000000000000000000000000000000000000000000000000000000000000000000000000000000000000000000000000000000000000000000000000000000000000000000000000000000000000000000000000000000000000000000000000000000000000000000000000000000000000000000000000000000000000002
0.585260756643066720366073080824833806245753321696479182888270225525036829502512777930644170939075643643184811070032230748460657827031269974099034790999180679000000000000000000000000000000000000000000000000000000000000000000000000000000000000000000000000000000000000000000000000000000000000000000000000000000000000000000000000000000000000000000000000000000000000000000000000000000000000000000000000000000000000000000000000000000000000000000000000000000000000000000000000000000000000000000000000000000000000000000000000000000000000000000000000000000000000000000000000000000000000000000000000000000000000000000000000000003
-0.123301469265613001019458163272601170687871005749758032451178862876065051520978176690819609909149725918237846019742295445137864074682741916059165221862108277999999999999999999999999999999999999999999999999999999999999999999999999999999999999999999999999999999999999999999999999999999999999999999999999999999999999999999999999999999999999999999999999999999999999999999999999999999999999999999999999999999999999999999999999999999999999999999999999999999999999999999999999999999999999999999999999999999999999999999999999999999999999999999999999999999999999999999999999999999999999999999999999999999999999999999999999999998
0.101419311750620082107215696417331969618741725975841154348746897915405799451662944979701457325183821929505750635605443117485080874086421914425583490206171670000000000000000000000000000000000000000000000000000000000000000000000000000000000000000000000000000000000000000000000000000000000000000000000000000000000000000000000000000000000000000000000000000000000000000000000000000000000000000000000000000000000000000000000000000000000000000000000000000000000000000000000000000000000000000000000000000000000000000000000000000000000000000000000000000000000000000000000000000000000000000000000000000000000000000000000000000002
-3.37912080254863954518589912060733605237926902894090890691693180078725598452093899964912734660015248382854667354715027475763714830852280140202271973101058359999999999999999999999999999999999999999999999999999999999999999999999999999999999999999999999999999999999999999999999999999999999999999999999999999999999999999999999999999999999999999999999999999999999999999999999999999999999999999999999999999999999999999999999999999999999999999999999999999999999999999999999999999999999999999999999999999999999999999999999999999999999999999999999999999999999999999999999999999999999999999999999999999999999999999999999999999999e-127
0.266473222902283210064830265219797697368926107994512129468276353739725824120354616029900048158271891350949002671098006456198627542247982427787161118199688912000000000000000000000000000000000000000000000000000000000000000000000000000000000000000000000000000000000000000000000000000000000000000000000000000000000000000000000000000000000000000000000000000000000000000000000000000000000000000000000000000000000000000000000000000000000000000000000000000000000000000000000000000000000000000000000000000000000000000000000000000000000000000000000000000000000000000000000000000000000000000000000000000000000000000000000000000003
0.662275718382314056597566097663078698510968594288268906059291025719841922389995980852478263082881963615417442102126268668725115653573892030566595476706446396999999999999999999999999999999999999999999999999999999999999999999999999999999999999999999999999999999999999999999999999999999999999999999999999999999999999999999999999999999999999999999999999999999999999999999999999999999999999999999999999999999999999999999999999999999999999999999999999999999999999999999999999999999999999999999999999999999999999999999999999999999999999999999999999999999999999999999999999999999999999999999999999999999999999999999999999999997
0.371345877364406734471995041553402963676722479630466232201917031298309049383433589946356708145310003869007119395097109589910605432602898118580379757622541412000000000000000000000000000000000000000000000000000000000000000000000000000000000000000000000000000000000000000000000000000000000000000000000000000000000000000000000000000000000000000000000000000000000000000000000000000000000000000000000000000000000000000000000000000000000000000000000000000000000000000000000000000000000000000000000000000000000000000000000000000000000000000000000000000000000000000000000000000000000000000000000000000000000000000000000000000006
-0.401514130399624083241607100853611329175358907889088422078231308673282595345447131808436476711647680764879314803926827832319429164561605690832667995324455259000000000000000000000000000000000000000000000000000000000000000000000000000000000000000000000000000000000000000000000000000000000000000000000000000000000000000000000000000000000000000000000000000000000000000000000000000000000000000000000000000000000000000000000000000000000000000000000000000000000000000000000000000000000000000000000000000000000000000000000000000000000000000000000000000000000000000000000000000000000000000000000000000000000000000000000000000005

3035 2048 123461 61733
0.153152663206028317598946654008251849997332669760295616795898010496761995176826891325625619214862761547006104953386378388721175107950752260148734551948483338723007589027374171681090502627464651150514736504000232368212406506346229314539377231236080553023780323419787930424890341925158426184113121256557421283964302844618902331941129074772932500286807914969594305248051178391030872485270604702673868991542432968929944102974851824651111914461880211467534892780240538580074380491310859787466706111124282306786088666383401242908756131033671665949133078152176630912595978944632443389525760889230446356119765212272489909451104
0.0279179641699349295123685205766145983271257028068805933840090131647783562266863219854862805673790200557387739041251426158437186301048755347774598970137225923720024033492231537227433418667588145693200383243432125764773381508828521678193166932769650542183466634969053382950656193700986638516237909658334636160921266668141734966889078024592462368049004398405604877775385905686924683398267107269619715420275549944665826352004479922586562541972348456901539589548756665947964688669792995848434605037600849032350967332390414959639861025821653254861993056808784564217518923571013934410177559340918355626268578127482682952346182
0.247317937522247250719903714860333339706114766505322071826100754510852627304503719198094501287707646629838002078338482720714050199715560019048989442621550793542556628692988807048843942464770990170756579986616820018727110659036371979218002394581521685283282723958695965644617361054298066370904494524816185480614864902588840954645649497870526763700793848126028871503460086734252982021293221365547353948210386189740714858519372996305911751004131354660811603639667788046287515165485678770054635136992248785791379578617647106970139877562463156209887053227709061607053701390453612083299674992477360659860773010873677658388542
0.262551249197552660618332533426380738745077442577491703943358917779447634488006900386538223681684096132983505971301001432339013038093109934859938958225007638738241802695119357093750799501662573781640515561863701120348863857312661354659566431682187461255397161660775265993252226857284135132178804934290691294887989844700291615381885908965085359718739605388927597159320472181539766067735687040521984993809741353410358167570475814724064364591296079196417923842393286352151134600085742133565795521504638128577010737638499586786798237452144807440560026091611068026307730868411064603425096228150476102105580287826969199550972
-0.480057776175386899877649128746685286519501873032914884075854264001301887835993220807482162774237815505609283661416912163189837916499483078811253260524593015165468296279593947437060170904499286342510693405347770365512671068262976982135609819896345509774625479335328236531486635060988638051697637079704952124760667580507821057089761783034321607361828980075503168075071401729205099304062419058715644959197942781665143087282757861306137484861753541760963023833522567082777936582588018205391976018842797478859797774599860017276987141913148059448363965771485213249171813480960838806818496841580195981198590590255088522214841
0.712837312539721523339504554766665594052349609043568841045600786486773521779382953353096159984668911225435100998737396699158338445718880045089482857070882170225908660676281138791627453617841227932635166087140247372864763854236440125617120748884691909021201238241826501849705825965178535136291644948430526171680670966135028256397355687662207094829227001211228437739391780728302813819913748159348128498681257079663869706739028081223523528878096020589291885766945825561750488297794590397411855005860559296373515751461075610619525441207276539274062858412856170714424810117164439653850339275515236836099290650694311196376776
0.297374587793763402715220164265417658221908626284210308490667062878702387391405601477684687378213800373921747501837741698095764017770802101123348344313130021474984127101937658929209584342863573632055477749063177726517361265262220856427782875563259099039619048998466354534191206964255435694118059433933982515701522449601727581192883030039187060880339470438690304973907570949644843165749906467984684194211967119337797962852084743285234596241821136696389953790406398130123836865757630324176718679579681928094214984521486460042722418778599073894571783308192617852891746388879003785647226385923599678265867813885470996755535
0.0299882242832290705558312975552705153951930463409602278179609786024375910588480682346261521223070560251272894064688031842003127859350650184424936355586671669024951115961313808340801475098387956172745865396745635345292166166321667065412485431059950783212498017184064100129278500500527831106671907077352973302560777865840936789803709582156421450262898335257404191256294847190330405555721563493514641755911173960924855754148763328673604456524252453871064801604298601865838308826794601811693344038513062183432623755774557224187915358495741707403875202610324461492365259056457693158166924009772817598345109943109590919684173
-0.44196260262083275717562419957713724951382893698020787551467733908882720892859048453142608251621879197569159697622600222655549086925701109680061182240131159723842906771594372554347560416429157634876859075262957790727411920140094863854193308372768970535979155884838487808075794109864893785641178582228241382279804217749819317389020872266407267300849528428501223354401216223011857925597354040483499692581832197784563418263112754132692073616859452152125235561859852658282809730473633329072845746795119881982109749342333779680247773786858428722965363413747772928791333598188576685904768125766176875316433124691601759664689
0.963172416224403347157509314033147877045876588104396629804911077895529700063497051248709127215824339096721096343696243438412178252747765077034206790158603686119473266308952357603653871826794102941588640745715929486437319090727723619094002787980823730407164452092663318135457660569752411364290311294299812566801820642417484734787669432385561368893981493216022853083638676768009492488340626507572410937939547217201576173166457847878882269291471343225990911433990859384792253107971789016343189129367494795453509764362094173744724458553762505260952125842373656977347488296688875335112016602327203329709113490834052060103777
0.48830529728993694481687787267220605891767544983482115912856146072349391489068783275044142979539274112278641583464406474413287239279385174062724778732401883759694031299089006514567555036925790608124182987314556296572540968511638439937249635168195722556727013929289015884597497936976830656679839363482675248712760637830895417562934203255655321813361262106389520432369150811292370948149769581407254628106523652127759892026303165376580566160867971579671533110863642021975694644772678277320834443697406833814800983102308243396415103266607176186244529795432863020378361902088148417860346817698668972150396020060727828420718
-0.599956462283552479198836665702856605760921041255895769039760843732620981912660816073059685826554354052317581189164994606966629163064529391938802859498438043497586410403554660136873126550740600217597165001459680348146207660326549781014648226096083493480858887480944575947309360414117026365152870598786663825647173099253088276228908084987500694480242473096836606233112041025738799423370106787132810838224739637303319855605689301890725551016368460369521636357302848413746812714167112987599535840908397591111439337859868087989683017747282711845738965154533002893731265838845182910006755728193832819839001207957101916386726
0.188907012093472153889527999238945048830560725558845043855245816375232907199386647982672773013133723730151530191328854832408818506315343000733141891063586807907437812887436644736564311749401226341360826848060225094063029076316393027091925331946931721939849453539797501019299065159055041742881591870670200901862886781659213415200039721026144279051849851885116813585009786219996112496542714021326171331948639163248768354975758387658199964140231641299309471322065103179498211721379197959763863748798239627869155636982596963000565372951406400160406377501997461652478896387453877310310027741993741978696983354879705424389939
0.585260756643066720366073080824833806245753321696479182888270225525036829502512777930644170939075643643184811070032230748460657886166257432621185020648494229294130651873599320080584152823092486020863688556432091945227962704945239108586852014228873361092631808555630661117445930290531098826583462129884302884806048520563206965328432556099471827276915940373395189103017749227562982287764489126412423439336030240375409961441138467628873084705919950633505006386449901708144028139765021580134437867948047825765832226445142867043977993185652335309248542374469536409228375871135468511790409063904818996926237067431807869948001
-0.123301469265613001019458163272601170687871005749758032451178862876065051520978176690819609909149725918237846019742295445137864085857556505912593519818459940474239887726177043476279656476988922604582234072950840284551263226781734750771966014470756325653412924829751892338533505902084080968972582132859987532559729412487232603079536815442469018137678841900802333810134396233640360218176034926791108984524861953117488049014401671043454750494248015800319227491999050444346253338262562570831736721057372868069714326865202152934445329995996290140795990626397166500324851806373366054418162787964901114352203300865264041664477
0.101419311750620082107215696417331969618741725975841154348746897915405799451662944979701457325183821929505750635605443117485080820249962788734417095002403207793500426094039371829583786625124702243889275284801107326647664101382394552150238722322378314806532840693508697944445124996831447663136054080805182567091615346427156547975590347445542716858832879430857017688598702062869992457375438709259468283201665007536656145984227485294213112759812679177428044066690373363078344245159337330702289841071854449091654619742399919895979314506982004443685536057933364012829324629685466092807991742604556351577563420858069424766406
-3.13375102001939015913390583958376693443683720710867894934163428195396344355974013370045250942931258405419021440242315590722984191202653714287751625114847225189500865319778409427781720482554007948442287600879190472501790451483411077602283266258922080183673328762110645081602002701489725823636503945372709632762391532795031531570270960927150428174617057399459149890950710699850154880280483458213371070028102223914620291151523294801521019164630594489706506013524121946115452144401742600865063367068605045872591665446101236789282812788496925828673395212102858298111948326469354975094668886741011173907632749163724830948967e-614
0.266473222902283210064830265219797697368926107994512129468276353739725824120354616029900048158271891350949002671098006456198627124139707795996068785128908670529805207405588067917234814548015530467425552139455571662912092703548723329181824936272764716664822246346611677356218496692065997863533944595925458844532197652272659618095523588539768414960056421509826668932036731980691076617903099505135208826224631539540105835245287345381791192311338289189985938449368124034549492213852537045557236231386555224471551501762745267566385914484589709735620222215671765251743075644258694674926695988340803901042973701401682311924908
0.662275718382314056597566097663078698510968594288268906059291025719841922389995980852478263082881963615417442102126268668725115706639460197097606738719347751902560377773835014669727543432756239272435816567467835376898832428556746942551072363204835065338649602900450372251419233969901196325155066324544782789743429191615002833242199300210914061638800422777391081293505637642766805982340809375565965265658761546217379053355870841005233337606015959506467036861672779707027573080320558852586811013586279591271259113544524548710006018613449826355992838708196227839312181053379531411643369499877844955449235257592452246360118
0.371345877364406734471995041553402963676722479630466232201917031298309049383433589946356708145310003869007119395097109589910605409771566813379125679727330929610084635870017394986180665495224362329028680942650720529644418306441292441387687151416272261700599115290144865863675221576705494758607996825090857763599265980682448782535817035375128220387536522449642445697232842702738107896937934497059686154253121382447731082691804276901008987755772745480987085001516786477118663221903055714847067615335695809725312971642527233576191605965328071637553375129638192446869930802966586575225439444936321438843546283083982739198644
-0.401514130399624083241607100853611329175358907889088422078231308673282595345447131808436476711647680764879314803926827832319429060800697595207218298577990559835950647143479849402726810101120834312779324934375234896103007539929157265270823173216250358510603805230715613415758077235504136610433061826366281964966508170997267781849130271571353413845226246167717213611373914389065982954557282087020328529338179475741872117277189948582246630432939673354868104379248063581774072761235488943693404701380385074559778206692196969748562853570349612172851972111439549550754512130290278754603496675759526646913318662936186722218735

