0 128 -182 -271
0.9382218671918379073623387561670030765807
0.8823145302593830864859153556736765051269
0.03118145160327283299366141928135618917457
0.3077409471237817519182254663340466394388
0.6837496962477005868856853178131565537581
0.2249817962907229724698680915419823247787
0.23027442539757746101688319631602931815
0.9539816152237066450527823102832253501391
0.5130854817213683738467867457958373966215
0.1549317965878892830544264493837410418638
0.9170293268502138757351703622892658958784
0.09170655147820157788635801968471082764667
0.5790168637803550936790897743400194256819
0.101209726660259323482632957868041422884
0.3633968745361015107872442048727484643578
0.2237690450509801863116580680956032056409
0.9730881957713466726630641012516976221672
0.6754990434094573227067921562396058491217
0.898484503186682574327679955957320281904
0.01181283840358623149597138168676421228837
0.1090615925221749841440000949404130002344

542 128 6385 3118
0.1627895625059736136685230871495073221149
0.9668864652777322796416161062197393692561
0.01997420977583763446243334060617546834382
-0.4346756931551248098904620692638407522899
0.9108639801937602289552789624075094062554
0.1673015195587396586340462813290294780934
-11.10153089120001259634261244860475954679
11.13952720507863227545397513515066166063
11.7597488324966921389045526585762517702
-11.03502775467315082003734818161334365429
-3.746581473570914199195690223437337486323
-3.530157604201001173612712958429202521729
2.869056438612918028853150010617028458679
5.601736229542220662999738283592312560292
-0.1940535903832233190444851123425776030457
0.01046963689948125607801530631719021258972
0.369107495049987116098573371730695539056
0.1091054676378989603942336993273350837645
0.5090568645988585304811342893152168384003
-0.01014746834450802040892447370919425854681
0.01240800415828215735696780701874880879403

542 256 6358 3013
0.1627895625059736136685230871495073221148999999999999999999999999999999999962838
0.9668864652777322796416161062197393692561000000000000000000000000000000000047802
0.01997420977583763446243334060617546834381999999999999999999999999999999999999329
-0.434675693155124809890462069263840752289899999999999999999999999999999999997414
0.9108639801937602289552789624075094062553999999999999999999999999999999998656602
0.1673015195587396586340462813290294780934000000000000000000000000000000000277703
-11.10153089120001259634261244860475954678999999999999999999999999999999999991538
11.13952720507863227545397513515066166063000000000000000000000000000000000002579
11.75974883249669213890455265857625177020000000000000000000000000000000000084849
-11.03502775467315082003734818161334365429000000000000000000000000000000000367476
-3.746581473570914199195690223437337486322999999999999999999999999999999999799299
-3.530157604201001173612712958429202521728999999999999999999999999999999999996157
2.869056438612918028853150010617028458679000000000000000000000000000000000089846
5.601736229542220662999738283592312560291999999999999999999999999999999999885221
-0.1940535903832233190444851123425776030456999999999999999999999999999999999345934
0.01046963689948125607801530631719021258971999999999999999999999999999999999728227
0.3691074950499871160985733717306955390559999999999999999999999999999999999924164
0.1091054676378989603942336993273350837644999999999999999999999999999999999502556
0.5090568645988585304811342893152168384002999999999999999999999999999999999063433
-0.01014746834450802040892447370919425854681000000000000000000000000000000000770553
0.01240800415828215735696780701874880879402999999999999999999999999999999998717287

560 256 12756 6232
0.1627895625059736136685230871493181122994328154127248290498006365580918710630147
0.9668864652777322796416161062195296975491749958516464447128866508928409810712537
0.01997420977583763446243334060661570582228004349903285351221017195447439117404369
-0.4346756931551248098904620692637181993808409510169298468177509556484306232637902
0.9108639801937602289552789624074716808761756245558507484931537199916931938057375
0.1673015195587396586340462813290255970301592620068309978981375422269603608409759
-11.10153089120001259634261244860531778928199675727017147453414810321321794992015
11.13952720507863227545397513515030904856207922976883909867603286187816563328564
11.75974883249669213890455265857682305067732071451332200690076786335154570088967
-11.03502775467315082003734818161288095668108638444681591935802467625893091912018
-3.746581473570914199195690223437059815536142204250137884526387317024506325709382
-3.530157604201001173612712958429083830516490471238749059589428320755748366832046
2.869056438612918028853150010616729322038461604990237822268422959942845190666129
5.60173622954222066299973828359200257749709237011742175675867819203831461720855
-0.1940535903832233190444851123425882534829212996187726349112855149914111301677541
0.0104696368994812560780153063168319079799525182521131675562947823414169077701759
0.3691074950499871160985733717310275036791875079322416064078723852003604972096788
0.1091054676378989603942336993271586222934842954627808792085413888091622609489031
0.5090568645988585304811342893154282770820692833617361848206081144848025357059767
-0.0101474683445080204089244737092019323005627982299258442073996404064556586771725
0.01240800415828215735696780701875562126586919322105400621408296954157764272878836

560 512 12792 6198
0.162789562505973613668523087149318112299432815412724829049800636558091871063014700000000000000000000000000000000000000000000000000000000000000000078424970977
0.966886465277732279641616106219529697549174995851646444712886650892840981071253700000000000000000000000000000000000000000000000000000000000000000006617277294
0.0199742097758376344624333406066157058222800434990328535122101719544743911740436900000000000000000000000000000000000000000000000000000000000000000007669330191
-0.434675693155124809890462069263718199380840951016929846817750955648430623263790199999999999999999999999999999999999999999999999999999999999999999902544162376
0.910863980193760228955278962407471680876175624555850748493153719991693193805737499999999999999999999999999999999999999999999999999999999999999999996844370524
0.167301519558739658634046281329025597030159262006830997898137542226960360840975900000000000000000000000000000000000000000000000000000000000000000033336418789
-11.101530891200012596342612448605317789281996757270171474534148103213217949920150000000000000000000000000000000000000000000000000000000000000000000487914002
11.1395272050786322754539751351503090485620792297688390986760328618781656332856399999999999999999999999999999999999999999999999999999999999999999893427453726
11.7597488324966921389045526585768230506773207145133220069007678633515457008896699999999999999999999999999999999999999999999999999999999999999999995739934785
-11.0350277546731508200373481816128809566810863844468159193580246762589309191201800000000000000000000000000000000000000000000000000000000000000000003412974572
-3.74658147357091419919569022343705981553614220425013788452638731702450632570938199999999999999999999999999999999999999999999999999999999999999999807081798494
-3.53015760420100117361271295842908383051649047123874905958942832075574836683204599999999999999999999999999999999999999999999999999999999999999999972298602965
2.86905643861291802885315001061672932203846160499023782226842295994284519066612899999999999999999999999999999999999999999999999999999999999999999882837414391
5.6017362295422206629997382835920025774970923701174217567586781920383146172085500000000000000000000000000000000000000000000000000000000000000000000144830463
-0.19405359038322331904448511234258825348292129961877263491128551499141113016775410000000000000000000000000000000000000000000000000000000000000000001661059502
0.0104696368994812560780153063168319079799525182521131675562947823414169077701759000000000000000000000000000000000000000000000000000000000000000000011675315393
0.369107495049987116098573371731027503679187507932241606407872385200360497209678800000000000000000000000000000000000000000000000000000000000000000034837954594
0.109105467637898960394233699327158622293484295462780879208541388809162260948903099999999999999999999999999999999999999999999999999999999999999999996852037307
0.509056864598858530481134289315428277082069283361736184820608114484802535705976700000000000000000000000000000000000000000000000000000000000000000009351028219
-0.010147468344508020408924473709201932300562798229925844207399640406455658677172500000000000000000000000000000000000000000000000000000000000000000006091954952
0.0124080041582821573569678070187556212658691932210540062140829695415776427287883600000000000000000000000000000000000000000000000000000000000000000050184933901

582 512 25834 12753
0.162789562505973613668523087149318112299432815412724829049800636671284105007207765895559919559161458433948960637566036289421323826547734510453249647510718747
0.966886465277732279641616106219529697549174995851646444712886656158737328555749518373327897267212613800283425292199222745076234211816304018928621169008462294
0.0199742097758376344624333406066157058222800434990328535122101676445252318201438539809939339981939031758126810175299293009398812088583548481701694750602565685
-0.434675693155124809890462069263718199380840951016929846817750954082286388190472674917889964255096185623504555410551624024815224815234247560284890817093587871
0.910863980193760228955278962407471680876175624555850748493153718793153150618821938032032488755164576474317047759574160091979675939512478177980028610553592653
0.167301519558739658634046281329025597030159262006830997898137541961093047254471112239943373489715215066286447902568568488851203872456601269943591399765776413
-11.1015308912000125963426124486053177892819967572701714745341480927024096018757285714466053442089117396803094847906098970943380503024131781769434912367896952
11.1395272050786322754539751351503090485620792297688390986760328687120734785597897806008182873506225172142462460646094561201059943457818647289856754674590951
11.7597488324966921389045526585768230506773207145133220069007678536988425983503552270194279687789759899115609390515244204352620182716509591965284499547420261
-11.0350277546731508200373481816128809566810863844468159193580246839464683718689972182743064763766643609884128711745346517354043381107682816262035971973528851
-3.74658147357091419919569022343705981553614220425013788452638732273060340188520248735305526230141238611630787113142253162615652665501319263999409144232190255
-3.53015760420100117361271295842908383051649047123874905958942832335725661432579292523398059103133255446462885688877693335541073924674109925875135936607935664
2.86905643861291802885315001061672932203846160499023782226842296455795384688826793206121383918305104214456148100451110275988276183434646032070617103665929464
5.60173622954222066299973828359200257749709237011742175675867819707499482278181035270260949983309865654787742211902308042993525088104864955786745283988526081
-0.194053590383223319044485112342588253482921299618772634911285515545088653459082872176787485683404758111502175103334718208250746831243226289042868697834957438
0.0104696368994812560780153063168319079799525182521131675562947830704664301786886792272987239239917315007104362710703234976583557635139798370265387180290610663
0.369107495049987116098573371731027503679187507932241606407872384202408102875336250223044959969378627220925478221934215407033303286159418032190653603676350388
0.109105467637898960394233699327158622293484295462780879208541388155983365138199313163371182610718601595968992648868611548649537737727100505954722712676679917
0.50905686459885853048113428931542827708206928336173618482060811548716380576523004263680938932438472390615138035909779410371752115073135159335039550272530168
-0.0101474683445080204089244737092019323005627982299258442073996404215153994185090094101600236847654664617404111533157680342432504901670535544366956438336365506
0.0124080041582821573569678070187556212658691932210540062140829695054936954610547241596357678562917822379841236523448234771845325519954574922703007543267833105

582 2048 25823 12725
0.162789562505973613668523087149318112299432815412724829049800636671284105007207765895559919559161458433948960637566036289421323826547734510453249647510718746999999999999999999999999999999999999999999999999999999999999999999999999999999999999999999999999999999999999999999999999999999999999999999999999999999999999999999999999999999999999999999999999999999999999999999999999999999999999999999999999999999999999999999999999999999999999999999999999999999999999999999999999999999999999999999999999999999999999999999999999999999999999999999999999999999999999999999999999999999999999999999999999999999999999999999999999999997
0.966886465277732279641616106219529697549174995851646444712886656158737328555749518373327897267212613800283425292199222745076234211816304018928621169008462294000000000000000000000000000000000000000000000000000000000000000000000000000000000000000000000000000000000000000000000000000000000000000000000000000000000000000000000000000000000000000000000000000000000000000000000000000000000000000000000000000000000000000000000000000000000000000000000000000000000000000000000000000000000000000000000000000000000000000000000000000000000000000000000000000000000000000000000000000000000000000000000000000000000000000000000000000002
0.0199742097758376344624333406066157058222800434990328535122101676445252318201438539809939339981939031758126810175299293009398812088583548481701694750602565685000000000000000000000000000000000000000000000000000000000000000000000000000000000000000000000000000000000000000000000000000000000000000000000000000000000000000000000000000000000000000000000000000000000000000000000000000000000000000000000000000000000000000000000000000000000000000000000000000000000000000000000000000000000000000000000000000000000000000000000000000000000000000000000000000000000000000000000000000000000000000000000000000000000000000000000000000004
-0.434675693155124809890462069263718199380840951016929846817750954082286388190472674917889964255096185623504555410551624024815224815234247560284890817093587871000000000000000000000000000000000000000000000000000000000000000000000000000000000000000000000000000000000000000000000000000000000000000000000000000000000000000000000000000000000000000000000000000000000000000000000000000000000000000000000000000000000000000000000000000000000000000000000000000000000000000000000000000000000000000000000000000000000000000000000000000000000000000000000000000000000000000000000000000000000000000000000000000000000000000000000000000008
0.910863980193760228955278962407471680876175624555850748493153718793153150618821938032032488755164576474317047759574160091979675939512478177980028610553592653000000000000000000000000000000000000000000000000000000000000000000000000000000000000000000000000000000000000000000000000000000000000000000000000000000000000000000000000000000000000000000000000000000000000000000000000000000000000000000000000000000000000000000000000000000000000000000000000000000000000000000000000000000000000000000000000000000000000000000000000000000000000000000000000000000000000000000000000000000000000000000000000000000000000000000000000000014
0.167301519558739658634046281329025597030159262006830997898137541961093047254471112239943373489715215066286447902568568488851203872456601269943591399765776413000000000000000000000000000000000000000000000000000000000000000000000000000000000000000000000000000000000000000000000000000000000000000000000000000000000000000000000000000000000000000000000000000000000000000000000000000000000000000000000000000000000000000000000000000000000000000000000000000000000000000000000000000000000000000000000000000000000000000000000000000000000000000000000000000000000000000000000000000000000000000000000000000000000000000000000000000002
-11.1015308912000125963426124486053177892819967572701714745341480927024096018757285714466053442089117396803094847906098970943380503024131781769434912367896952
11.1395272050786322754539751351503090485620792297688390986760328687120734785597897806008182873506225172142462460646094561201059943457818647289856754674590950999999999999999999999999999999999999999999999999999999999999999999999999999999999999999999999999999999999999999999999999999999999999999999999999999999999999999999999999999999999999999999999999999999999999999999999999999999999999999999999999999999999999999999999999999999999999999999999999999999999999999999999999999999999999999999999999999999999999999999999999999999999999999999999999999999999999999999999999999999999999999999999999999999999999999999999999999999
11.7597488324966921389045526585768230506773207145133220069007678536988425983503552270194279687789759899115609390515244204352620182716509591965284499547420261000000000000000000000000000000000000000000000000000000000000000000000000000000000000000000000000000000000000000000000000000000000000000000000000000000000000000000000000000000000000000000000000000000000000000000000000000000000000000000000000000000000000000000000000000000000000000000000000000000000000000000000000000000000000000000000000000000000000000000000000000000000000000000000000000000000000000000000000000000000000000000000000000000000000000000000000000001
-11.0350277546731508200373481816128809566810863844468159193580246839464683718689972182743064763766643609884128711745346517354043381107682816262035971973528850999999999999999999999999999999999999999999999999999999999999999999999999999999999999999999999999999999999999999999999999999999999999999999999999999999999999999999999999999999999999999999999999999999999999999999999999999999999999999999999999999999999999999999999999999999999999999999999999999999999999999999999999999999999999999999999999999999999999999999999999999999999999999999999999999999999999999999999999999999999999999999999999999999999999999999999999999998
-3.74658147357091419919569022343705981553614220425013788452638732273060340188520248735305526230141238611630787113142253162615652665501319263999409144232190255000000000000000000000000000000000000000000000000000000000000000000000000000000000000000000000000000000000000000000000000000000000000000000000000000000000000000000000000000000000000000000000000000000000000000000000000000000000000000000000000000000000000000000000000000000000000000000000000000000000000000000000000000000000000000000000000000000000000000000000000000000000000000000000000000000000000000000000000000000000000000000000000000000000000000000000000000005
-3.53015760420100117361271295842908383051649047123874905958942832335725661432579292523398059103133255446462885688877693335541073924674109925875135936607935664
2.86905643861291802885315001061672932203846160499023782226842296455795384688826793206121383918305104214456148100451110275988276183434646032070617103665929464000000000000000000000000000000000000000000000000000000000000000000000000000000000000000000000000000000000000000000000000000000000000000000000000000000000000000000000000000000000000000000000000000000000000000000000000000000000000000000000000000000000000000000000000000000000000000000000000000000000000000000000000000000000000000000000000000000000000000000000000000000000000000000000000000000000000000000000000000000000000000000000000000000000000000000000000000001
5.60173622954222066299973828359200257749709237011742175675867819707499482278181035270260949983309865654787742211902308042993525088104864955786745283988526081000000000000000000000000000000000000000000000000000000000000000000000000000000000000000000000000000000000000000000000000000000000000000000000000000000000000000000000000000000000000000000000000000000000000000000000000000000000000000000000000000000000000000000000000000000000000000000000000000000000000000000000000000000000000000000000000000000000000000000000000000000000000000000000000000000000000000000000000000000000000000000000000000000000000000000000000000007
-0.194053590383223319044485112342588253482921299618772634911285515545088653459082872176787485683404758111502175103334718208250746831243226289042868697834957437999999999999999999999999999999999999999999999999999999999999999999999999999999999999999999999999999999999999999999999999999999999999999999999999999999999999999999999999999999999999999999999999999999999999999999999999999999999999999999999999999999999999999999999999999999999999999999999999999999999999999999999999999999999999999999999999999999999999999999999999999999999999999999999999999999999999999999999999999999999999999999999999999999999999999999999999999996
0.0104696368994812560780153063168319079799525182521131675562947830704664301786886792272987239239917315007104362710703234976583557635139798370265387180290610662999999999999999999999999999999999999999999999999999999999999999999999999999999999999999999999999999999999999999999999999999999999999999999999999999999999999999999999999999999999999999999999999999999999999999999999999999999999999999999999999999999999999999999999999999999999999999999999999999999999999999999999999999999999999999999999999999999999999999999999999999999999999999999999999999999999999999999999999999999999999999999999999999999999999999999999999999999
0.369107495049987116098573371731027503679187507932241606407872384202408102875336250223044959969378627220925478221934215407033303286159418032190653603676350388000000000000000000000000000000000000000000000000000000000000000000000000000000000000000000000000000000000000000000000000000000000000000000000000000000000000000000000000000000000000000000000000000000000000000000000000000000000000000000000000000000000000000000000000000000000000000000000000000000000000000000000000000000000000000000000000000000000000000000000000000000000000000000000000000000000000000000000000000000000000000000000000000000000000000000000000000004
0.109105467637898960394233699327158622293484295462780879208541388155983365138199313163371182610718601595968992648868611548649537737727100505954722712676679916999999999999999999999999999999999999999999999999999999999999999999999999999999999999999999999999999999999999999999999999999999999999999999999999999999999999999999999999999999999999999999999999999999999999999999999999999999999999999999999999999999999999999999999999999999999999999999999999999999999999999999999999999999999999999999999999999999999999999999999999999999999999999999999999999999999999999999999999999999999999999999999999999999999999999999999999999998
0.509056864598858530481134289315428277082069283361736184820608115487163805765230042636809389324384723906151380359097794103717521150731351593350395502725301679999999999999999999999999999999999999999999999999999999999999999999999999999999999999999999999999999999999999999999999999999999999999999999999999999999999999999999999999999999999999999999999999999999999999999999999999999999999999999999999999999999999999999999999999999999999999999999999999999999999999999999999999999999999999999999999999999999999999999999999999999999999999999999999999999999999999999999999999999999999999999999999999999999999999999999999999999989
-0.0101474683445080204089244737092019323005627982299258442073996404215153994185090094101600236847654664617404111533157680342432504901670535544366956438336365506
0.0124080041582821573569678070187556212658691932210540062140829695054936954610547241596357678562917822379841236523448234771845325519954574922703007543267833105000000000000000000000000000000000000000000000000000000000000000000000000000000000000000000000000000000000000000000000000000000000000000000000000000000000000000000000000000000000000000000000000000000000000000000000000000000000000000000000000000000000000000000000000000000000000000000000000000000000000000000000000000000000000000000000000000000000000000000000000000000000000000000000000000000000000000000000000000000000000000000000000000000000000000000000000000001

603 2048 123251 61505
0.162789562505973613668523087149318112299432815412724829049800636671284105007207765895559919559161458433948960637566036289421323830118627925054410645571751682822179645500970506991314401781366901638212445138913702266175153393498516123228186810033352821796285378443983574658877135578760406149742225292082308195179013596013609287579648006666059486007922154504659613888867946328853991069541388002229939333488242594343590458950748544496443461246668275462476127176497098158683237099383232941506561539161628901462511467590291101969580914086196437259263044261356989763926209775493308392951989645397496102710140844616671873295709
0.966886465277732279641616106219529697549174995851646444712886656158737328555749518373327897267212613800283425292199222745076234315543179046732486658774228793378946834336132317018789384376651339350164466750945830179179405079545561369778016688081995830431769127778378625290254372975339507182067765526742699274791232415357078962955627420024211536269834523462491423120462538281268034633761136103110912689086098513113837776437627057253984585396697308794138104199533882396894470049042509781159559039666426635562917403997090512069212351673583460374853461464127168138377585895656979318640507338889078839215134066863977011072641
0.0199742097758376344624333406066157058222800434990328535122101676445252318201438539809939339981939031758126810175299293009398811227172062308852548989736205135707157734189413338432116481093091231830979803277430933329713084200377136630826748453205263048605127393063577334709396838120664905669246774111088351170135859461293806479894802636989725045736723694983390571818637511025288738401020309516359612503016638537081766493314493586817373901382631102254835539644248765038414840244437595694712235785447127323558043875085429397718906803983127352389318088308544966154577439941619295421233999471652638014540421854569884575549974
-0.434675693155124809890462069263718199380840951016929846817750954082286388190472674917889964255096185623504555410551624024815224794825934201443067270766748642604663830690930465754530413468921286356964650774828989785658397782424984417899269097781470191630988164223641957472761554312109181759431802811736119195403310075934142198207184494859120123580882337561329230599695843995878431694643626772538854398048988234645894082713252386326410309342278399752810591272529766846867777949984227953602683486442441767423887428892059071504871253035595808850798765919446635708609887423466684391907881060725545312086160979889879350434501
0.910863980193760228955278962407471680876175624555850748493153718793153150618821938032032488755164576474317047759574160091979675926332242298930979566847432996551347225987974086950260274253008771262692738388841722003950946260488982006708887645126243403909610514063902255530560182059016062286200436016210518501406285200786056396067362545740467588591197189918171955428188242127895906882043680398893343556595606209790242243785660927010821743186613656019420178208535622832053849966892700043137360673317424414633794165262342526728547043410050861992098160576119634908805860845997104260046376758309332787747578606953894659816411
0.167301519558739658634046281329025597030159262006830997898137541961093047254471112239943373489715215066286447902568568488851203868037127954707865971484311930739013896200054976554214874404274528723658231124814832235926203738247725852361539990957243210360880275752139567026136189732985280224636900286913205689085384783085778946738259664646759556781501614443083866131519235976608564942496367918685216458850633969814786602451000392783669213396995799314649163896776609310015043020162655575829755123464853587966611982797979252136854071231731992311660561349114219023000862553955100567695649751522223159720111227166499285476306
-11.1015308912000125963426124486053177892819967572701714745341480927024096018757285714466053442089117396803094847906098970943380500860272638771145228296691343050777425588675804058363733754992863449214895833584960878965897492458821571824008745227967251874781592696142495651017043731495210239927039587411327657065600562370863597315284596837901285653529360018818937155117547223881125372004522376620307508951447634796473019502308684195009785818213802828217536958023198100466391550768093718521200853607093212164608095160819171740517868742706469750654007637457136871943639187325612936680073320205043048213785630954595358926245
11.1395272050786322754539751351503090485620792297688390986760328687120734785597897806008182873506225172142462460646094561201059944867927596149615949484597087771278407720815245910143388630919353563039865793184790855001617922940210547289017168892209304298797455584089961895138125247123858317375460484194793068497748326580607654815020024522927627459671570034599832663462282320243774988436512451764547849803134575838013112434897273054839842644892366016533699398936006481568828413984644803756078966634453201255326282680836006464036735102035348844321058107955220619392192417352583140061201139122954334365156606680991113234581
11.7597488324966921389045526585768230506773207145133220069007678536988425983503552270194279687789759899115609390515244204352620180771385558985299659089737313998143644232280914333425943641007017106703108777554924524502709201053203791364308891279581286637357947795483574110333435223372896790016942057383803961032516907264642028014935963705298189029048616954268915626136704242424078353758064716532867676920403252239677553871978585246580022065000702920794782305616618952673106266854698236830476156315776335720204993459336389512968754931229691646855299428435804915843697226267565903707520676055895388491570798931919379587178
-11.03502775467315082003734818161288095668108638444681591935802468394646837186899721827430647637666436098841287117453465173540433826564737243497870090998909800258860715335334503930074812316972638660207430956848393055825919350120738307081758627311007127494206651964856250997135424114055765738200426318114666888855567004324089114324421252649282296944403028482416279823871935062311009121616008284986242323301711015951454744710418109850083169136827931013872287085661233873463135709827344328031958813563273842253905234130247397482512374561257974338946257210659097534337353266476587407148516448779814722328233215850885071756
-3.74658147357091419919569022343705981553614220425013788452638732273060340188520248735305526230141238611630787113142253162615652677069979557920162372136036445183532948640287312187741934971891121007166114534345557361897957951696845714479618336854945031236819767980681864930386045690414946548253357806967089020893438116974513211920700085204059957225205828982713697295225154952960000606853580292456192158402388432168220809649429229904641511619389641431588024285335791102747956619380670924658666064923564178178151555917904424946059949859665426622877706100888232252426805959029387578960810355723827406441584510769763693774402
-3.53015760420100117361271295842908383051649047123874905958942832335725661432579292523398059103133255446462885688877693335541073929852422209782591641858254012824978987713002836484769997403376796730678692470019785306554245178013706770930357463235554661593201641101826606565742471818063318079920724295416325694685894065556667023274752546314718186707545936463925174840155315849809763032480043112603353600120100205059465011092325219097506358782460378857489775852822897493203702347817756544825438228515763568247205832238672066063981691450781346317680499995886866051296006562838561540815062051505651045155052573153589815187154
2.86905643861291802885315001061672932203846160499023782226842296455795384688826793206121383918305104214456148100451110275988276192904974442087801073085765047689085701202915989573822031238765704718494630328403046993061370218329573457231196921605456793864120273312682819338928723227063352868489792712388233642519612379339665524204795797619114004022768292353467725555152632851199545693612338988293853037876368090629251581801102446561093856342727140891843839829620719083341419250336525513968640929556555305305502742747563162401120165929969342480418617305824269007160509122688622524719143481585458913153108818040991308314642
5.60173622954222066299973828359200257749709237011742175675867819707499482278181035270260949983309865654787742211902308042993525098468646746466991502421020945452185376336619599293637350888813857643301375302516813248185444211672680817527917363226828308118509399509923875943261502629841641540095182646192484179217074274537858955315168213679385498829375281974884553852962881286311920538271674565514916097990412161061224863910296134849663920101502866117754182987229444128053158877790598329259553261330077101683659304827791083194680211923762624801366441754896426227046519847309594267587204432979922484017238815704101945936592
-0.19405359038322331904448511234258825348292129961877263491128551554508865345908287217678748568340475811150217510333471820825074684451219420852038561512495535132759141186245440194947449752311644623951198626554517572794611300291701789349138484741785409152608263740098223786061708348426729780410893256197303106157354471346344244324511379779721358919391808881713407272735043334741702592550390148749223377344291614462790624969644132408609906042379986720520222678691474615442919160928696373744089897447304660563804659418777754585758736543285194341226852963945596930484216448130267672530475507335902945573710549821739745289621
0.0104696368994812560780153063168319079799525182521131675562947830704664301786886792272987239239917315007104362710703234976583557752193343232275383905634226381291670163192705246491317557927873609656412191588350071019423363729720502378590740547677665732196156495538981141446685341756172179876583796037946851016100779402403775127094626160070364949236748125989088063173493508551460434526389932348223977351320006462140942683511792029707719386278255971397327768444923973099195506899287703778036305089739208546627678531659341110415841338965831374925162376948047701530621921811586468035445545816217867038221491063105309109819236
0.369107495049987116098573371731027503679187507932241606407872384202408102875336250223044959969378627220925478221934215407033303271151939235203876051205382004046359041970296307478000177118106302079257997357875531822132702346495197384401254631710701593101002682900431335409905953556171744483163336552234185923189924748938748948147992335995493954126402853222154284298122616003004869646640081424464848475072270305984389335490614661930269246138403938706516648003285817306528210358075427373610769849169449518980712649163326253986235164333180810739589796376883412633887835732785458067689940920625705209125544140187996471180118
0.109105467637898960394233699327158622293484295462780879208541388155983365138199313163371182610718601595968992648868611548649537725570926845053226744137569456083925631316344085552709534176537211379188901175705358523360167450477677013762203797133391713443096986051701805938650619089905499845677304708577659579137302711000209916095990397215907022256049675811697881821984011972415800246955640609843709685360310756469018518606952206262077960320412800658888824441265148975191867776303475489682517938694504715443049702536390289522152491498906919637968462054517873803293966600481093147688185790494738345862730593528390920302406
0.509056864598858530481134289315428277082069283361736184820608115487163805765230042636809389324384723906151380359097794103717521167307195212950738628974768885257901288549645205416599108283723961150211192396536505292776563957146989031547132299606010650357669571801397261230910371627989206574855172771364255501004222755767844647608534822964487548356328070302681033882866131964180556487152603767561513345193515546578438379030718846026075928653001120272367705718021062951985449072013680094104232456238833327724725015650568463202287431179072645508966525368681681400195570451040429545976298363443478296673799208001168235008336
-0.010147468344508020408924473709201932300562798229925844207399640421515399418509009410160023684765466461740411153315768034243250490308161187817030343930954749871850046520915799739696648773859951105806294864015273315733974187847552301414116662490649685692342827440064827461696827776199506150568624905223818088540370535773893315217731187138671306874403400779468209930791830050535879246350637523694124819667981836432076303141196926013937676271020089862780136990510106211308466749562962708267566394781859180277682010831381596296880628977242445967025329580514799059390001725530897123573820800471262259846476861317149386186029
0.0124080041582821573569678070187556212658691932210540062140829695054936954610547241596357678562917822379841236523448234771845325510587655713816505290498117663544970683653596766432560734027051155315069847750628705755222040607556386338444518792727791555709579371326363107375613493265158372592144312692530319835988423798267122906557510149557462872119479888440262036104697192557886094129633184870016555789098845811861358016617320088247426025313766330852741819834456796676833888532416093730664156417051507634664267903151624785446214080694989325879843080856270610689504367600652695586748411442855537043622538132890628487132298

604 2048 123251 61455
0.162789562505973613668523087149318112299432815412724829049800636671284105007207765895559919559161458433948960637566036289421323830118627925054410645571751682822179645500970506991314401781366901638212445138913702266175153393498516123228186810033352821796285378443983574658877135578760406149742225292082308195179013596013609287579648006666059486007922154504659613888867946328853991069541388002229939333488242594343590458950748544496443461246668275462476127176497098158683237099383232941506561539161628901462511467590291101969580914086196437259263044261356989763926209775493308392951989645397496102710140844616671873295709
0.966886465277732279641616106219529697549174995851646444712886656158737328555749518373327897267212613800283425292199222745076234315543179046732486658774228793378946834336132317018789384376651339350164466750945830179179405079545561369778016688081995830431769127778378625290254372975339507182067765526742699274791232415357078962955627420024211536269834523462491423120462538281268034633761136103110912689086098513113837776437627057253984585396697308794138104199533882396894470049042509781159559039666426635562917403997090512069212351673583460374853461464127168138377585895656979318640507338889078839215134066863977011072641
0.0199742097758376344624333406066157058222800434990328535122101676445252318201438539809939339981939031758126810175299293009398811227172062308852548989736205135707157734189413338432116481093091231830979803277430933329713084200377136630826748453205263048605127393063577334709396838120664905669246774111088351170135859461293806479894802636989725045736723694983390571818637511025288738401020309516359612503016638537081766493314493586817373901382631102254835539644248765038414840244437595694712235785447127323558043875085429397718906803983127352389318088308544966154577439941619295421233999471652638014540421854569884575549974
-0.434675693155124809890462069263718199380840951016929846817750954082286388190472674917889964255096185623504555410551624024815224794825934201443067270766748642604663830690930465754530413468921286356964650774828989785658397782424984417899269097781470191630988164223641957472761554312109181759431802811736119195403310075934142198207184494859120123580882337561329230599695843995878431694643626772538854398048988234645894082713252386326410309342278399752810591272529766846867777949984227953602683486442441767423887428892059071504871253035595808850798765919446635708609887423466684391907881060725545312086160979889879350434501
0.910863980193760228955278962407471680876175624555850748493153718793153150618821938032032488755164576474317047759574160091979675926332242298930979566847432996551347225987974086950260274253008771262692738388841722003950946260488982006708887645126243403909610514063902255530560182059016062286200436016210518501406285200786056396067362545740467588591197189918171955428188242127895906882043680398893343556595606209790242243785660927010821743186613656019420178208535622832053849966892700043137360673317424414633794165262342526728547043410050861992098160576119634908805860845997104260046376758309332787747578606953894659816411
0.167301519558739658634046281329025597030159262006830997898137541961093047254471112239943373489715215066286447902568568488851203868037127954707865971484311930739013896200054976554214874404274528723658231124814832235926203738247725852361539990957243210360880275752139567026136189732985280224636900286913205689085384783085778946738259664646759556781501614443083866131519235976608564942496367918685216458850633969814786602451000392783669213396995799314649163896776609310015043020162655575829755123464853587966611982797979252136854071231731992311660561349114219023000862553955100567695649751522223159720111227166499285476306
-11.1015308912000125963426124486053177892819967572701714745341480927024096018757285714466053442089117396803094847906098970943380500860272638771145228296691343050777425588675804058363733754992863449214895833584960878965897492458821571824008745227967251874781592696142495651017043731495210239927039587411327657065600562370863597315284596837901285653529360018818937155117547223881125372004522376620307508951447634796473019502308684195009785818213802828217536958023198100466391550768093718521200853607093212164608095160819171740517868742706469750654007637457136871943639187325612936680073320205043048213785630954595358926245
11.1395272050786322754539751351503090485620792297688390986760328687120734785597897806008182873506225172142462460646094561201059944867927596149615949484597087771278407720815245910143388630919353563039865793184790855001617922940210547289017168892209304298797455584089961895138125247123858317375460484194793068497748326580607654815020024522927627459671570034599832663462282320243774988436512451764547849803134575838013112434897273054839842644892366016533699398936006481568828413984644803756078966634453201255326282680836006464036735102035348844321058107955220619392192417352583140061201139122954334365156606680991113234581
11.7597488324966921389045526585768230506773207145133220069007678536988425983503552270194279687789759899115609390515244204352620180771385558985299659089737313998143644232280914333425943641007017106703108777554924524502709201053203791364308891279581286637357947795483574110333435223372896790016942057383803961032516907264642028014935963705298189029048616954268915626136704242424078353758064716532867676920403252239677553871978585246580022065000702920794782305616618952673106266854698236830476156315776335720204993459336389512968754931229691646855299428435804915843697226267565903707520676055895388491570798931919379587178
-11.03502775467315082003734818161288095668108638444681591935802468394646837186899721827430647637666436098841287117453465173540433826564737243497870090998909800258860715335334503930074812316972638660207430956848393055825919350120738307081758627311007127494206651964856250997135424114055765738200426318114666888855567004324089114324421252649282296944403028482416279823871935062311009121616008284986242323301711015951454744710418109850083169136827931013872287085661233873463135709827344328031958813563273842253905234130247397482512374561257974338946257210659097534337353266476587407148516448779814722328233215850885071756
-3.74658147357091419919569022343705981553614220425013788452638732273060340188520248735305526230141238611630787113142253162615652677069979557920162372136036445183532948640287312187741934971891121007166114534345557361897957951696845714479618336854945031236819767980681864930386045690414946548253357806967089020893438116974513211920700085204059957225205828982713697295225154952960000606853580292456192158402388432168220809649429229904641511619389641431588024285335791102747956619380670924658666064923564178178151555917904424946059949859665426622877706100888232252426805959029387578960810355723827406441584510769763693774402
-3.53015760420100117361271295842908383051649047123874905958942832335725661432579292523398059103133255446462885688877693335541073929852422209782591641858254012824978987713002836484769997403376796730678692470019785306554245178013706770930357463235554661593201641101826606565742471818063318079920724295416325694685894065556667023274752546314718186707545936463925174840155315849809763032480043112603353600120100205059465011092325219097506358782460378857489775852822897493203702347817756544825438228515763568247205832238672066063981691450781346317680499995886866051296006562838561540815062051505651045155052573153589815187154
2.86905643861291802885315001061672932203846160499023782226842296455795384688826793206121383918305104214456148100451110275988276192904974442087801073085765047689085701202915989573822031238765704718494630328403046993061370218329573457231196921605456793864120273312682819338928723227063352868489792712388233642519612379339665524204795797619114004022768292353467725555152632851199545693612338988293853037876368090629251581801102446561093856342727140891843839829620719083341419250336525513968640929556555305305502742747563162401120165929969342480418617305824269007160509122688622524719143481585458913153108818040991308314642
5.60173622954222066299973828359200257749709237011742175675867819707499482278181035270260949983309865654787742211902308042993525098468646746466991502421020945452185376336619599293637350888813857643301375302516813248185444211672680817527917363226828308118509399509923875943261502629841641540095182646192484179217074274537858955315168213679385498829375281974884553852962881286311920538271674565514916097990412161061224863910296134849663920101502866117754182987229444128053158877790598329259553261330077101683659304827791083194680211923762624801366441754896426227046519847309594267587204432979922484017238815704101945936592
-0.19405359038322331904448511234258825348292129961877263491128551554508865345908287217678748568340475811150217510333471820825074684451219420852038561512495535132759141186245440194947449752311644623951198626554517572794611300291701789349138484741785409152608263740098223786061708348426729780410893256197303106157354471346344244324511379779721358919391808881713407272735043334741702592550390148749223377344291614462790624969644132408609906042379986720520222678691474615442919160928696373744089897447304660563804659418777754585758736543285194341226852963945596930484216448130267672530475507335902945573710549821739745289621
0.0104696368994812560780153063168319079799525182521131675562947830704664301786886792272987239239917315007104362710703234976583557752193343232275383905634226381291670163192705246491317557927873609656412191588350071019423363729720502378590740547677665732196156495538981141446685341756172179876583796037946851016100779402403775127094626160070364949236748125989088063173493508551460434526389932348223977351320006462140942683511792029707719386278255971397327768444923973099195506899287703778036305089739208546627678531659341110415841338965831374925162376948047701530621921811586468035445545816217867038221491063105309109819236
0.369107495049987116098573371731027503679187507932241606407872384202408102875336250223044959969378627220925478221934215407033303271151939235203876051205382004046359041970296307478000177118106302079257997357875531822132702346495197384401254631710701593101002682900431335409905953556171744483163336552234185923189924748938748948147992335995493954126402853222154284298122616003004869646640081424464848475072270305984389335490614661930269246138403938706516648003285817306528210358075427373610769849169449518980712649163326253986235164333180810739589796376883412633887835732785458067689940920625705209125544140187996471180118
0.109105467637898960394233699327158622293484295462780879208541388155983365138199313163371182610718601595968992648868611548649537725570926845053226744137569456083925631316344085552709534176537211379188901175705358523360167450477677013762203797133391713443096986051701805938650619089905499845677304708577659579137302711000209916095990397215907022256049675811697881821984011972415800246955640609843709685360310756469018518606952206262077960320412800658888824441265148975191867776303475489682517938694504715443049702536390289522152491498906919637968462054517873803293966600481093147688185790494738345862730593528390920302406
0.509056864598858530481134289315428277082069283361736184820608115487163805765230042636809389324384723906151380359097794103717521167307195212950738628974768885257901288549645205416599108283723961150211192396536505292776563957146989031547132299606010650357669571801397261230910371627989206574855172771364255501004222755767844647608534822964487548356328070302681033882866131964180556487152603767561513345193515546578438379030718846026075928653001120272367705718021062951985449072013680094104232456238833327724725015650568463202287431179072645508966525368681681400195570451040429545976298363443478296673799208001168235008336
-0.0101474683445080204089244737092019323005627982299258442073996404215153994185090094101600236847654664617404111533157680342432504903081611878170303439309547498718500465209157997396966487738599511058062948640152733157339741878475523014141166624906496856923428274400648274616968277761995061505686249052238180885403705357738933152177311871386713068744034007794682099307918300505358792463506375236941248196679818364320763031411969260139376762710200898627801369905101062113084667495629627082675663947818591802776820108313815962968806289772424459670253295805147990593900017255308971235738208004712622598464768613171493861860295
0.0124080041582821573569678070187556212658691932210540062140829695054936954610547241596357678562917822379841236523448234771845325510587655713816505290498117663544970683653596766432560734027051155315069847750628705755222040607556386338444518792727791555709579371326363107375613493265158372592144312692530319835988423798267122906557510149557462872119479888440262036104697192557886094129633184870016555789098845811861358016617320088247426025313766330852741819834456796676833888532416093730664156417051507634664267903151624785446214080694989325879843080856270610689504367600652695586748411442855537043622538132890628487132293

