0 128 -319 -390
0.728927151253413583267884867790302108851
0.1188761030590659276067034582918619351712
0.5574314368069541409032969969927190951806
0.8557555235663310430136616345949296650062
0.2013849574827110641242596661994380486523
0.827830503285434996597616957161846574265
0.7661818211396483478172219549416010307236
0.9801335443928089047406476458131505265056
0.3401229691016667166205102132255624627375
0.109282788699297477828503311104731578081
0.08689718445780301441516007224284017507908
0.8029635472189322053174757635034662132849
0.05131934290826952553464859460708402185069
0.06944507616164807097286562275822911566155
0.2975934714327384038397248240228880715226
0.3104589924757089447548180872457089782123
0.1808784984071952930997549414376941259873
0.9566454552673353515004981131816749830376
0.6452230773056776320433023048764743069159
0.9627222845108167297646194340713564859679
0.6085561303875318335298946114351676467155

236998 128 5975 2754
0.3999242738296957328083255464836520290704
-1.196040070217125332541028784815675788389
1.596171421754166124460907104371758064052
1.284582189816262363694364059645227276587
-0.8844847135023092120545322404158391433959
5.116216064411376777755887978913547566036e-06
-0.2480341570595904799094013955451442501197
-0.2089983147376856356366562822697157755537
0.8211847580178179219356647785888119637219
0.6354127567523966310607442495946842583696
-0.2493356214761904552233858947908991919612
-0.2139998811117040584661398220638927037375
0.8247083914420053707038591005926465198852
0.6390640927949731241927672493047709397151
-0.0004369816490839812071006330569650527329761
0.1249727958630723786712534901526663458829
0.6204958604340033203103620473442239148071
0.03172126075763325570859013287222523564779
-0.07363940449829784053726410966437793012115
63.9837878175628981869520387780592689626
-63.68733833011930930110498033876381908769

236998 256 5889 2613
0.3999242738296957328083255464836520290704000000000000000000000000000000000033871
-1.196040070217125332541028784815675788388999999999999999999999999999999999910889
1.596171421754166124460907104371758064051999999999999999999999999999999998491181
1.284582189816262363694364059645227276586999999999999999999999999999999999985477
-0.8844847135023092120545322404158391433958999999999999999999999999999999999427854
5.116216064411376777755887978913547566036000000000000000000000000000000000028731e-06
-0.2480341570595904799094013955451442501196999999999999999999999999999999999962033
-0.2089983147376856356366562822697157755537000000000000000000000000000000000093598
0.8211847580178179219356647785888119637219000000000000000000000000000000000351793
0.6354127567523966310607442495946842583695999999999999999999999999999999999682706
-0.2493356214761904552233858947908991919611999999999999999999999999999999999030077
-0.2139998811117040584661398220638927037374999999999999999999999999999999999836692
0.8247083914420053707038591005926465198851999999999999999999999999999999999065171
0.6390640927949731241927672493047709397151000000000000000000000000000000000165302
-0.0004369816490839812071006330569650527329760999999999999999999999999999999999939189
0.1249727958630723786712534901526663458829000000000000000000000000000000000770315
0.6204958604340033203103620473442239148071000000000000000000000000000000001306272
0.03172126075763325570859013287222523564778999999999999999999999999999999999706811
-0.07363940449829784053726410966437793012115000000000000000000000000000000000142
63.98378781756289818695203877805926896260000000000000000000000000000000000239082
-63.68733833011930930110498033876381908769000000000000000000000000000000001768301

237016 256 12445 5929
0.3999242738296957328083255464923615656598531113966299037545655411014634093231206
-1.196040070217125332541028784830618011629549719776909866370603130934149738299232
1.596171421754166124460907104363312107796756486522949034146809239151673204903663
1.284582189816262363694364059661705254858872724187260300615044975632686682789439
-0.8844847135023092120545322403953184198581126578038059855495368265944463998007191
5.116216064411376777755886979605694699558101827802071102446454054776824140593124e-06
-0.2480341570595904799094013955312631799296932127304171465812323608569071876336469
-0.2089983147376856356366562822486119208702380698692076846582856363850464182343223
0.8211847580178179219356647785868803555942824858695907479095949298426995661931159
0.6354127567523966310607442495759392847371728233988844506871786471488472402920359
-0.2493356214761904552233858947768887129643507008446765510420508659413367304846895
-0.2139998811117040584661398220866691891391877699754785141543199026447127826175583
0.8247083914420053707038591006063056353821601194789170963469984504801698004748879
0.6390640927949731241927672493141943971737901487693900226516952449948284295645727
-0.0004369816490839812071006330569421304524117974281520538023231919805849592332945085
0.1249727958630723786712534901535191119386710523408134761901103708477250651819162
0.6204958604340033203103620473522045489894634217657412425949860846156487134299454
0.03172126075763325570859013287355665642394995518172465665783877089242117293313773
-0.07363940449829784053726410966718298887293140462465778136768524324663493475174589
63.98378781756289818695203877805549711673221351316969411072596316458264222113838
-63.68733833011930930110498033876759444521136653783331570480121314866212129393609

237016 512 12369 5855
0.399924273829695732808325546492361565659853111396629903754565541101463409323120599999999999999999999999999999999999999999999999999999999999999999845332528314
-1.19604007021712533254102878483061801162954971977690986637060313093414973829923199999999999999999999999999999999999999999999999999999999999999999993414797501
1.59617142175416612446090710436331210779675648652294903414680923915167320490366299999999999999999999999999999999999999999999999999999999999999999933561475927
1.28458218981626236369436405966170525485887272418726030061504497563268668278943900000000000000000000000000000000000000000000000000000000000000000000033106466
-0.884484713502309212054532240395318419858112657803805985549536826594446399800719099999999999999999999999999999999999999999999999999999999999999999999913012869
5.11621606441137677775588697960569469955810182780207110244645405477682414059312399999999999999999999999999999999999999999999999999999999999999999965387924054e-06
-0.24803415705959047990940139553126317992969321273041714658123236085690718763364689999999999999999999999999999999999999999999999999999999999999999990838975826
-0.208998314737685635636656282248611920870238069869207684658285636385046418234322299999999999999999999999999999999999999999999999999999999999999999993010624913
0.821184758017817921935664778586880355594282485869590747909594929842699566193115899999999999999999999999999999999999999999999999999999999999999999982966970224
0.635412756752396631060744249575939284737172823398884450687178647148847240292035899999999999999999999999999999999999999999999999999999999999999999939816732975
-0.249335621476190455223385894776888712964350700844676551042050865941336730484689499999999999999999999999999999999999999999999999999999999999999999985437308248
-0.213999881111704058466139822086669189139187769975478514154319902644712782617558300000000000000000000000000000000000000000000000000000000000000000036548500034
0.824708391442005370703859100606305635382160119478917096346998450480169800474887900000000000000000000000000000000000000000000000000000000000000000212112229762
0.639064092794973124192767249314194397173790148769390022651695244994828429564572699999999999999999999999999999999999999999999999999999999999999999858721488155
-0.000436981649083981207100633056942130452411797428152053802323191980584959233294508499999999999999999999999999999999999999999999999999999999999999999958148203143
0.124972795863072378671253490153519111938671052340813476190110370847725065181916200000000000000000000000000000000000000000000000000000000000000000041222941537
0.620495860434003320310362047352204548989463421765741242594986084615648713429945400000000000000000000000000000000000000000000000000000000000000000008895889149
0.0317212607576332557085901328735566564239499551817246566578387708924211729331377299999999999999999999999999999999999999999999999999999999999999999950010944947
-0.0736394044982978405372641096671829888729314046246577813676852432466349347517458899999999999999999999999999999999999999999999999999999999999999999955780238215
63.9837878175628981869520387780554971167322135131696941107259631645826422211383799999999999999999999999999999999999999999999999999999999999999999995364606624
-63.6873383301193093011049803387675944452113665378333157048012131486621212939360900000000000000000000000000000000000000000000000000000000000000000017517776901

237036 512 25396 12392
0.399924273829695732808325546492361565659853111396629903754565361219816554044963587476526528285687168013755994653632918155174933381754180359887595553762872287
-1.19604007021712533254102878483061801162954971977690986637060192396256556998933165649387404467501917586287742615330996718868327897824572209466835845903595069
1.59617142175416612446090710436331210779675648652294903414681032794266439451890438098515844969377487336575488507072857165812837032623620512494388797980653196
1.28458218981626236369436405966170525485887272418726030061504420172241398923326851442339216154112503111855262137121722444361732053462979954608254840969272518
-0.884484713502309212054532240395318419858112657803805985549537701111948009872319799157359072268534600076686683380255975408095316487470629646348545604177886999
5.11621606441137677775588697960569469955810182780207110191614417568124154540418173837551665608332118699403499377093500662586606146287436571002041387633605568e-06
-0.248034157059590479909401395531263179929693212730417146581233038511188835044914201803974415453264769027335327865042980924735186409253301270704085061624777418
-0.20899831473768563563665628224861192087023806986920768465828286175962663843254569933887536580931810609451027593517274698778382410171764188151860457580645866
0.821184758017817921935664778586880355594282485869590747909594282258330898293780319782949891214313827975186876340200824002353686672020440341367230720483722425
0.635412756752396631060744249575939284737172823398884450687177462907261719148880366831218766596300568223324498939220982284110392902713876710613277111939091822
-0.24933562147619045522338589477688871296435070084467655104205154359778969654866255811596847975074161895175705803995220904841155608577898565500791897144471948
-0.213999881111704058466139822086669189139187769975478514154322005506194945365335469305089303292915762402502050115937158150417423512669280692226957694083064244
0.824708391442005370703859100606305635382160119478917096346999541457222767566004613684496657384493770090372281909902486955396117288188075393097168169943511648
0.639064092794973124192767249314194397173790148769390022651697199123712179547589731292403584184124443951839451953438763225576680821836614686267565873195286165
-0.000436981649083981207100633056942130452411797428152053802323191476950305199596317555842458524960832687952625707451882982143817334534238990115176658659263616184
0.124972795863072378671253490153519111938671052340813476190110478574400669216080721733052235433234848523036605808358377660396219579247900514287622806492757406
0.620495860434003320310362047352204548989463421765741242594986210731474626714130232985228355246108510849991048934222034963202679882212987222037575054220245861
0.0317212607576332557085901328735566564239499551817246566578387464475556382798117647022773980985049617486467559317913654021246881051301709773947296903696598924
-0.0736394044982978405372641096671829888729314046246577813676851859668471514306536300208592077041552275249103536892254427238806753829941049303328556470396815657
63.9837878175628981869520387780554971167322135131696941107259630318732234631144569750507730765542907075725696815433099850677701918572839046068420471555645686
-63.6873383301193093011049803387675944452113665378333157048012132816598072458938260644504718576279838011693337385284563203696131040477851878270837143905014077

237043 512 25401 12405
0.39992427382969573280832554649236156565985311139662990375456536121981655404496358747652652828568716801375599465363291815517493338175347593952185872699737249
-1.19604007021712533254102878483061801162954971977690986637060192396256556998933165649387404467501917586287742615330996718868327897824572209466835845903595069
1.59617142175416612446090710436331210779675648652294903414681032794266439451890438098515844969377487336575488507072857165812837032623620512494388797980653196
1.28458218981626236369436405966170525485887272418726030061504420172241398923326851442339216154112503111855262137121722444361732053462990961176469478887483452
-0.884484713502309212054532240395318419858112657803805985549537701111948009872319799157359072268534600076686683380255975408095316487470629646348545604177886999
5.11621606441137677775588697960569469955810182780207110191614417568124154540418173837551665608332118699403499377093500662586606120112441535566242142255430524e-06
-0.248034157059590479909401395531263179929693212730417146581233038511188835044914201803974415453264769027335327865042980924735186409261754315092926982810774975
-0.208998314737685635636656282248611920870238069869207684658282861759626638432545699338875365809318106094510275935172746987783824101706371155666815347558461918
0.821184758017817921935664778586880355594282485869590747909594282258330898293780319782949891214313827975186876340200824002353686672110606148181544546467696358
0.635412756752396631060744249575939284737172823398884450687177462907261719148880366831218766596300568223324498939220982284110392902681121163606514667343351291
-0.249335621476190455223385894776888712964350700844676551042051543597789696548662558115968479750741618951757058039952209048411556085769123769887603396727722331
-0.213999881111704058466139822086669189139187769975478514154322005506194945365335469305089303292915762402502050115937158150417423512677029316250062788503562004
0.824708391442005370703859100606305635382160119478917096346999541457222767566004613684496657384493770090372281909902486955396117288109180312134643572207534456
0.639064092794973124192767249314194397173790148769390022651697199123712179547589731292403584184124443951839451953438763225576680821868313602725723077642777001
-0.000436981649083981207100633056942130452411797428152053802323191476950305199596317555842458524960832687952625707451882982143817334579277867249475019978406845526
0.124972795863072378671253490153519111938671052340813476190110478574400669216080721733052235433234848523036605808358377660396219579248076619379057013184132355
0.620495860434003320310362047352204548989463421765741242594986210731474626714130232985228355246108510849991048934222034963202679882212635011854706640837495963
0.0317212607576332557085901328735566564239499551817246566578387464475556382798117647022773980985049617486467559317913654021246881051302012454573199446447399618
-0.0736394044982978405372641096671829888729314046246577813676851859668471514306536300208592077041552275249103536892254427238806753829941049303328556470396815657
63.9837878175628981869520387780554971167322135131696941107259630318732234631144569750507730765542907075725696815433099850677701918572839046068420471555645686
-63.6873383301193093011049803387675944452113665378333157048012132816598072458938260644504718576279838011693337385284563203696131040477851878270837143905014077

237043 2048 25357 12376
0.39992427382969573280832554649236156565985311139662990375456536121981655404496358747652652828568716801375599465363291815517493338175347593952185872699737249
-1.19604007021712533254102878483061801162954971977690986637060192396256556998933165649387404467501917586287742615330996718868327897824572209466835845903595069000000000000000000000000000000000000000000000000000000000000000000000000000000000000000000000000000000000000000000000000000000000000000000000000000000000000000000000000000000000000000000000000000000000000000000000000000000000000000000000000000000000000000000000000000000000000000000000000000000000000000000000000000000000000000000000000000000000000000000000000000000000000000000000000000000000000000000000000000000000000000000000000000000000000000000000000000002
1.59617142175416612446090710436331210779675648652294903414681032794266439451890438098515844969377487336575488507072857165812837032623620512494388797980653196000000000000000000000000000000000000000000000000000000000000000000000000000000000000000000000000000000000000000000000000000000000000000000000000000000000000000000000000000000000000000000000000000000000000000000000000000000000000000000000000000000000000000000000000000000000000000000000000000000000000000000000000000000000000000000000000000000000000000000000000000000000000000000000000000000000000000000000000000000000000000000000000000000000000000000000000000003
1.28458218981626236369436405966170525485887272418726030061504420172241398923326851442339216154112503111855262137121722444361732053462990961176469478887483452000000000000000000000000000000000000000000000000000000000000000000000000000000000000000000000000000000000000000000000000000000000000000000000000000000000000000000000000000000000000000000000000000000000000000000000000000000000000000000000000000000000000000000000000000000000000000000000000000000000000000000000000000000000000000000000000000000000000000000000000000000000000000000000000000000000000000000000000000000000000000000000000000000000000000000000000000001
-0.884484713502309212054532240395318419858112657803805985549537701111948009872319799157359072268534600076686683380255975408095316487470629646348545604177886999000000000000000000000000000000000000000000000000000000000000000000000000000000000000000000000000000000000000000000000000000000000000000000000000000000000000000000000000000000000000000000000000000000000000000000000000000000000000000000000000000000000000000000000000000000000000000000000000000000000000000000000000000000000000000000000000000000000000000000000000000000000000000000000000000000000000000000000000000000000000000000000000000000000000000000000000000007
5.11621606441137677775588697960569469955810182780207110191614417568124154540418173837551665608332118699403499377093500662586606120112441535566242142255430523999999999999999999999999999999999999999999999999999999999999999999999999999999999999999999999999999999999999999999999999999999999999999999999999999999999999999999999999999999999999999999999999999999999999999999999999999999999999999999999999999999999999999999999999999999999999999999999999999999999999999999999999999999999999999999999999999999999999999999999999999999999999999999999999999999999999999999999999999999999999999999999999999999999999999999999999999988e-06
-0.248034157059590479909401395531263179929693212730417146581233038511188835044914201803974415453264769027335327865042980924735186409261754315092926982810774975000000000000000000000000000000000000000000000000000000000000000000000000000000000000000000000000000000000000000000000000000000000000000000000000000000000000000000000000000000000000000000000000000000000000000000000000000000000000000000000000000000000000000000000000000000000000000000000000000000000000000000000000000000000000000000000000000000000000000000000000000000000000000000000000000000000000000000000000000000000000000000000000000000000000000000000000000002
-0.208998314737685635636656282248611920870238069869207684658282861759626638432545699338875365809318106094510275935172746987783824101706371155666815347558461918000000000000000000000000000000000000000000000000000000000000000000000000000000000000000000000000000000000000000000000000000000000000000000000000000000000000000000000000000000000000000000000000000000000000000000000000000000000000000000000000000000000000000000000000000000000000000000000000000000000000000000000000000000000000000000000000000000000000000000000000000000000000000000000000000000000000000000000000000000000000000000000000000000000000000000000000000001
0.821184758017817921935664778586880355594282485869590747909594282258330898293780319782949891214313827975186876340200824002353686672110606148181544546467696357999999999999999999999999999999999999999999999999999999999999999999999999999999999999999999999999999999999999999999999999999999999999999999999999999999999999999999999999999999999999999999999999999999999999999999999999999999999999999999999999999999999999999999999999999999999999999999999999999999999999999999999999999999999999999999999999999999999999999999999999999999999999999999999999999999999999999999999999999999999999999999999999999999999999999999999999999987
0.63541275675239663106074424957593928473717282339888445068717746290726171914888036683121876659630056822332449893922098228411039290268112116360651466734335129099999999999999999999999999999999999999999999999999999999999999999999999999999999999999999999999999999999999999999999999999999999999999999999999999999999999999999999999999999999999999999999999999999999999999999999999999999999999999999999999999999999999999999999999999999999999999999999999999999999999999999999999999999999999999999999999999999999999999999999999999999999999999999999999999999999999999999999999999999999999999999999999999999999999999999999999999999
-0.249335621476190455223385894776888712964350700844676551042051543597789696548662558115968479750741618951757058039952209048411556085769123769887603396727722330999999999999999999999999999999999999999999999999999999999999999999999999999999999999999999999999999999999999999999999999999999999999999999999999999999999999999999999999999999999999999999999999999999999999999999999999999999999999999999999999999999999999999999999999999999999999999999999999999999999999999999999999999999999999999999999999999999999999999999999999999999999999999999999999999999999999999999999999999999999999999999999999999999999999999999999999999998
-0.213999881111704058466139822086669189139187769975478514154322005506194945365335469305089303292915762402502050115937158150417423512677029316250062788503562003999999999999999999999999999999999999999999999999999999999999999999999999999999999999999999999999999999999999999999999999999999999999999999999999999999999999999999999999999999999999999999999999999999999999999999999999999999999999999999999999999999999999999999999999999999999999999999999999999999999999999999999999999999999999999999999999999999999999999999999999999999999999999999999999999999999999999999999999999999999999999999999999999999999999999999999999999996
0.824708391442005370703859100606305635382160119478917096346999541457222767566004613684496657384493770090372281909902486955396117288109180312134643572207534456000000000000000000000000000000000000000000000000000000000000000000000000000000000000000000000000000000000000000000000000000000000000000000000000000000000000000000000000000000000000000000000000000000000000000000000000000000000000000000000000000000000000000000000000000000000000000000000000000000000000000000000000000000000000000000000000000000000000000000000000000000000000000000000000000000000000000000000000000000000000000000000000000000000000000000000000000002
0.63906409279497312419276724931419439717379014876939002265169719912371217954758973129240358418412444395183945195343876322557668082186831360272572307764277700100000000000000000000000000000000000000000000000000000000000000000000000000000000000000000000000000000000000000000000000000000000000000000000000000000000000000000000000000000000000000000000000000000000000000000000000000000000000000000000000000000000000000000000000000000000000000000000000000000000000000000000000000000000000000000000000000000000000000000000000000000000000000000000000000000000000000000000000000000000000000000000000000000000000000000000000000001
-0.000436981649083981207100633056942130452411797428152053802323191476950305199596317555842458524960832687952625707451882982143817334579277867249475019978406845525999999999999999999999999999999999999999999999999999999999999999999999999999999999999999999999999999999999999999999999999999999999999999999999999999999999999999999999999999999999999999999999999999999999999999999999999999999999999999999999999999999999999999999999999999999999999999999999999999999999999999999999999999999999999999999999999999999999999999999999999999999999999999999999999999999999999999999999999999999999999999999999999999999999999999999999999999996
0.124972795863072378671253490153519111938671052340813476190110478574400669216080721733052235433234848523036605808358377660396219579248076619379057013184132355000000000000000000000000000000000000000000000000000000000000000000000000000000000000000000000000000000000000000000000000000000000000000000000000000000000000000000000000000000000000000000000000000000000000000000000000000000000000000000000000000000000000000000000000000000000000000000000000000000000000000000000000000000000000000000000000000000000000000000000000000000000000000000000000000000000000000000000000000000000000000000000000000000000000000000000000000001
0.620495860434003320310362047352204548989463421765741242594986210731474626714130232985228355246108510849991048934222034963202679882212635011854706640837495962999999999999999999999999999999999999999999999999999999999999999999999999999999999999999999999999999999999999999999999999999999999999999999999999999999999999999999999999999999999999999999999999999999999999999999999999999999999999999999999999999999999999999999999999999999999999999999999999999999999999999999999999999999999999999999999999999999999999999999999999999999999999999999999999999999999999999999999999999999999999999999999999999999999999999999999999999998
0.031721260757633255708590132873556656423949955181724656657838746447555638279811764702277398098504961748646755931791365402124688105130201245457319944644739961799999999999999999999999999999999999999999999999999999999999999999999999999999999999999999999999999999999999999999999999999999999999999999999999999999999999999999999999999999999999999999999999999999999999999999999999999999999999999999999999999999999999999999999999999999999999999999999999999999999999999999999999999999999999999999999999999999999999999999999999999999999999999999999999999999999999999999999999999999999999999999999999999999999999999999999999999999
-0.0736394044982978405372641096671829888729314046246577813676851859668471514306536300208592077041552275249103536892254427238806753829941049303328556470396815656999999999999999999999999999999999999999999999999999999999999999999999999999999999999999999999999999999999999999999999999999999999999999999999999999999999999999999999999999999999999999999999999999999999999999999999999999999999999999999999999999999999999999999999999999999999999999999999999999999999999999999999999999999999999999999999999999999999999999999999999999999999999999999999999999999999999999999999999999999999999999999999999999999999999999999999999999992
63.9837878175628981869520387780554971167322135131696941107259630318732234631144569750507730765542907075725696815433099850677701918572839046068420471555645685999999999999999999999999999999999999999999999999999999999999999999999999999999999999999999999999999999999999999999999999999999999999999999999999999999999999999999999999999999999999999999999999999999999999999999999999999999999999999999999999999999999999999999999999999999999999999999999999999999999999999999999999999999999999999999999999999999999999999999999999999999999999999999999999999999999999999999999999999999999999999999999999999999999999999999999999999999
-63.6873383301193093011049803387675944452113665378333157048012132816598072458938260644504718576279838011693337385284563203696131040477851878270837143905014077000000000000000000000000000000000000000000000000000000000000000000000000000000000000000000000000000000000000000000000000000000000000000000000000000000000000000000000000000000000000000000000000000000000000000000000000000000000000000000000000000000000000000000000000000000000000000000000000000000000000000000000000000000000000000000000000000000000000000000000000000000000000000000000000000000000000000000000000000000000000000000000000000000000000000000000000000006

237065 2048 122860 61113
0.399924273829695732808325546492361565659853111396629903754565361219816554044963587476526528285687168013755994653632918155174936168426589095611377417720982053180211340340320248554535363456815342441095628141922891547633496984657122745544683303208766255982039372688184475691566186980406764937239504336220864983447737331407209575891472519035409764080302306718573766943533380638566512666408386337975945800560515247263859990913836243058448190216040028689633404536452228103476269315203949977016552210322155451816685975665627258017117071546009569837557830462036979985474324006980858362156607360374412252380796583533615969176043
-1.19604007021712533254102878483061801162954971977690986637060192396256556998933165649387404467501917586287742615330996718868329399610585685058000163121420056854208520725576504187908734594890532387159874171061383832807430644160523049055619559580263272578261149974147766038112734225319404863388825989046796990334419196476408326180645648745535583855096597527744219872724427872073189782124574084959670402398196663481001237545327409181997480958260279398957533114476545648865683648006606955052114489021757555208664732631120559370569421079712020876633724783259225610202380083582201792258324792588695690597339649656029856993931
1.596171421754166124460907104363312107796756486522949034146810327942664394518904380985158449693774873365754885070728571658128357779704245140352063686416961289292328494015196110702948649734351753203089874874150841729640580343093101372143503806885006908667377677331632126578785779442415891860045126208383927236966677859923159057068393308278774833214395615205400478074014507997505213710131704197951449871420033131905554409067242814479817742901254613354449139180873214889514888513622661985094429333430841632375557609642327960295799552678145242342515085741265647918659372241124011813939422838708141755260940992699294326394
1.28458218981626236369436405966170525485887272418726030061504420172241398923326851442339216154112503111855262137121722444361733120180272094240504207230643448347574944737383304467060865452059665075095335240332037694015475997917635807743424767681257848363886730344966714721548923104882006472153193867111111996527120673006325446533953211916822651683793492795623138685217142393075402758267157793237507062073798595296448351861583253237617642484044093810979399199032941123800077653043364343319578932725291209972680784606372176625969999544724305339516032376907314279472414299909865430160320242542479097423977241905073945080605
-0.884484713502309212054532240395318419858112657803805985549537701111948009872319799157359072268534600076686683380255975408095303866955432372414661123923731943954586730485209935778901511778847583797409247812269398904163827782349397877517074483149156753115398808991399321552324836598700439362172461625550740904305197822961512622326283667212693022091159281532182649373887645600462946338645433320240723040113053074776939185506424530635191032382224525733589864393144384998514272624109929910088938827747191087843158854999220489698583271246284236668993419570723114487065081209154964283593578357159693825911406145303701066186077
5.11621606441137677775588697960569469955810182780207110191614417568124154540418173837551665608332118699403499377093500663099164040175886382412827652487665802318022039426370282801841665675634609867027955726267002432139698290720299325459682668185105112691055495133334491604607754042714119396496846670663121586233450869852481744369786684519615149005641721845625634359439210858151210256792784182749830289013066110473057686012627912790111520773784791301008154472235844591121430181607618188279643761454013445266144806110643509833078272807377084415425607446027120123049543611231955478047123503878160795700059443924507587252891e-06
-0.248034157059590479909401395531263179929693212730417146581233038511188835044914201803974415453264769027335327865042980924735177342489077553024097815123835722132109471185934615370987520312648136851608899713066464046726274976268545214977898189739869733079578441619955150286920576522433477328875006525601227502484320952775051351570603734394813102927488342515279879349073297454824734298221356384690093961699473840640630060474766296402327022955742831706726788456946598143000289344847349748113363461292935509315355018080561186324215895400235037851507145386063749829994726797165308530204086389798020601195178483013636554979434
-0.208998314737685635636656282248611920870238069869207684658282861759626638432545699338875365809318106094510275935172746987783858268253223783096690257317921112685072803269707600358134223641710534964685549681118680104495970763198518185142216675089052748246882151363641298641627224085379031592269395446560102518597758309022926435796518283827615646377101589545474331999055379924001044702063702747015419462914664480030431966721227589189428585789899296890764751562358969727709226910290510459785021266267888127659966714327730744797580453803799568977268397296376555981923673087078634949249976037299878554612069118031144007790439
0.821184758017817921935664778586880355594282485869590747909594282258330898293780319782949891214313827975186876340200824002353696078051317070477058697714834209148662808865187225218400369914193467523464874390513678103135989208461278168770842707545057116206586783444763619222344077982106859712313838917493085277759670887914900359711350172387041240395470901421394939395168968679106606243271075264808846843989254461834820240063815383415134477759423897496018534046723147454295030899852481538814515326352579522949274611328294795005535852102802947740308089606413233141479920025655798080776435466539533678465232585786973859600459
0.635412756752396631060744249575939284737172823398884450687177462907261719148880366831218766596300568223324498939220982284110407415101835702943271139835788612180824870445644870362801582263545781026865343024944195975575731946196445519786393880580120620698861804329408035452189455304959687422478320137106950485844401553412408194739169996298990503253300269212283341373751933704156347304448389784442255661457834032166507054523165923910223021834387901484861036589789371886796099522521249933264033227519624214902400591769964076385318512257972088083346424768223785215884666973780768776968931960968668294502430222369018191463645
-0.24933562147619045522338589477688871296435070084467655104205154359778969654866255811596847975074161895175705803995220904841154700759098500576404298046020134203760048422346320467885937670487955602262542704229444451978182803633471304348514255342600388348881202762101390011429514202732544870285834789316249404198589134739723384898408584280238012471517408401647914707733011457051504198792088916924448459294909418489421779183594136553604067718228060471527071968718943131240561923337282479085389321920228769488545943705933799242153450538522381846180812788016646010119213325815898705072967315924882655246051623135815042800919
-0.2139998811117040584661398220866691891391877699754785141543220055061949453653354693050893032929157624025020501159371581504173970205183365395310676422004455069381505523452697423389483007552263094502583779600478549174799368559804884876804290682245721426376449196365110036497236672164392966425848752672521430124911878039531419820688436299792965714065787404879595494433091840144661204202821784746754274952539250087840920677998042090475250003600354445050313849516740749118629216571109209937293863609279006057745295977678028890112157640779810915495097241378896933907404991268660966701674491712386808066321756520067773551662
0.824708391442005370703859100606305635382160119478917096346999541457222767566004613684496657384493770090372281909902486955396105068762818260899827045471477857774244906670870486675427397219145334374332107895446467420624228166707078428277205561910671951076293917798228108932064152664909171255861329630596923364692441605382965549506759682004944553418798523846534037459303258784464069144114278461242914240044009928752285105527888525914037675352290922283050604315072561538145475276027472500339829636081102467303140950193955717247285405287673518117736335372744326895124338819622727983647035470679072443996189689069151488737214
0.639064092794973124192767249314194397173790148769390022651697199123712179547589731292403584184124443951839451953438763225576656295543650437716980631368922834509350284579020637281037133790128462290349869396408656406956452004313531520899421766491597273780917799148075584560298327151693646396476405866362173614595454380226573817407663043557729955789655540730397667362887414481106500065269295027289212176024572053280545082642966488663199558836537827973099428464238349919200395800218102254628699814356200048151112753577752438109164058290784227110597208241614049674842187869416999565619757511854298632156348476520599010691008
-0.000436981649083981207100633056942130452411797428152053802323191476950305199596317555842458524960832687952625707451882982143817336197147153321697054179753843307844154681158176938656853549167931191798172289512824390318915278705408418011055706751693198730754769688778789728343670572838072306894512336544459924810816834259163535861493252780997813086701240072493008301551374680589406801180505844612214327865562788354520328535109439993671556646512701035847928140447405233077330185761828970385249870307114214794264668944567273923699194115252835217015691596302223078033894304014643828369670652045863717059846282224822716268039665
0.124972795863072378671253490153519111938671052340813476190110478574400669216080721733052235433234848523036605808358377660396218689462297970738060438450403196673847628768726559784126817128242293552211648098151849439894949476666308723395786350871466197960948535094645276703612046976768807070068071338555693790830699828458629689490046455050933594344768751306432254741036784302118587689951241344124373877865895080198941712021964193652940050643277576286949393654776540727640506222118680909861736547526003189896374451056947683204234204431845547775224746402773748300468115621471418563171376677599263676727059091605154044841262
0.620495860434003320310362047352204548989463421765741242594986210731474626714130232985228355246108510849991048934222034963202678963129136467734531975193925885968283676198369423435918198789374613202010019906724008551507315291991528494751596530551184763059921783453278074814416663606990326162992105705955984507307681798866029144777167178565796350479890628429617684913520168936539084692142569011246649527383728683313886185233356642647419723031879998094650793125144605481836982050564228625777882088097931671525485597505598817232871136825143733881224074264808932253921268227406778817709704750371696834334704360552480788859788
0.0317212607576332557085901328735566564239499551817246566578387464475556382798117647022773980985049617486467559317913654021246884147599152363877756059234086190571762291242811001288853315116262895132408494503484740798017669660202068951080069552946706740935087415827589350378190623955937946609257448843411800963333437944255740637395385678304595189935926706809163548860247274298626241447374967469788782798700319302933778429861426366875538714444893650407079455199210377357072128311178270229002705593558718207601456118841034624818581138394975157937636614023250673092885207527032787102602436271987947474019978510987290295497509
-0.073639404498297840537264109667182988872931404624657781367685185966847151430653630020859207704155227524910353689225442723880676280644457736528344028241293590510675622754067766873540900378069456682596147172439291353198163550329454154233404167428373059331317538059133878614331565619217399206030459046333289076909659751420012525678063845503557958949426864940717879310539987048931986106915734535873037312750700738792163707055749573169273304879643101870975039398051656979128209977722178608995571433091251291466900495975073666734514428072441435042426172388511513777682249371488702895931630954050299910850747228539163256869467
63.9837878175628981869520387780554971167322135131696941107259630318732234631144569750507730765542907075725696815433099850677701930573929758666662741828154332793138193517519886014658440358087109643213150860822585778115609773495462454387635070161958259404562382276552314476676344900321041155892895897306503065300702532438650163266745056317876352244078989371989158891843860680880556069617190102849981504061644340846897710856346722336404498351299273207556328389377601901919247248166286658519623305861780597928487638084473075845658342813934844434488975395241445695423304051921000430716389950371628723672272658042793345007535
-63.6873383301193093011049803387675944452113665378333157048012132816598072458938260644504718576279838011693337385284563203696131028440998678049982981741418773905024512630892979179412334828598847039061814563650436185295668455338948353977854926854847745162392997497267798556091506973922396442772450526131698758476323189141952366990031939877312667292767241226751643044144277617076439173816345828514750147785333890397038131188203861334590901753699311583069659318395507171579812159427072238015066483480666151835638689729188838807502833084175298058566838492055408036283260604221928162668486891382823277148402798789965351071354

