0 128 -410 -474
0.4854905538344668142823059396703804072695
0.3290274143147723135757365728077688099336
0.2884237040401315556328414526844127918034
0.730464786477666666557966786742698276248
0.1857722492125244821133266721623681018725
0.7402296389348494835695703231147572855699
0.7315716386881070585938124414777833017566
0.9030603237704816244388730835781209434789
0.6454811926592723488421144895366561885444
0.7945302930345089199251109842902277223614
0.006063148753479023843144918636911810443684
0.6789995541349893108984458439867992568119
0.3466603687359786236447812841846053249326
0.1593618450984559492023974083851769002382
0.8853238653130672648959159169029308150659
0.1478806279165004486067257517817746891492
0.06554040774992057953241099633089027026575
0.8305877444997325709237448813753931643264
0.4767268216228038215153836990403669739869
0.7793606593636121776124960280147503357735
0.955932123919994840185413363235461816035

26516 128 6440 3178
0.01771697679716243047865253216676754942085
-3.447319122147054912358206282602374324582
3.815056227833752675214234375025006053949
2.46313905091780130529164363921733414466
-2.467951877095358707425887559846745044677
0.1460084385823993904440460894719175259652
0.5728958160729275204720946603630860524228
-0.366679854050828376943578469199840005556
0.8200060429298242638510393897627226355758
-0.3191541515444846524990735073100130715604
-0.2437423909728076431111782775031027391579
-1.240562672153286185715117035556365861282
-2.437091771141961650736667733874131007791
3.643220441920489874780593026441847284764
1.278176392347565604782370020491036190491
0.03765029844657519797003268076784888269383
-0.01097470128286145851099104626314957213654
0.225655337084003425842129738424041900269
0.245412163617812981642829965575224883448
0.4086114353595056447971210993906506142387
0.0936454667749642082588775621053802099991

26516 256 6401 3130
0.017716976797162430478652532166767549420849999999999999999999999999999999997647
-3.447319122147054912358206282602374324582000000000000000000000000000000000475263
3.815056227833752675214234375025006053948999999999999999999999999999999999926429
2.463139050917801305291643639217334144659999999999999999999999999999999999727383
-2.467951877095358707425887559846745044676999999999999999999999999999999999933246
0.1460084385823993904440460894719175259651999999999999999999999999999999999997466
0.5728958160729275204720946603630860524227999999999999999999999999999999999704974
-0.3666798540508283769435784691998400055559999999999999999999999999999999999800151
0.8200060429298242638510393897627226355758000000000000000000000000000000000158699
-0.3191541515444846524990735073100130715604000000000000000000000000000000000364716
-0.2437423909728076431111782775031027391578999999999999999999999999999999999870763
-1.240562672153286185715117035556365861281999999999999999999999999999999999888507
-2.437091771141961650736667733874131007790999999999999999999999999999999999982924
3.643220441920489874780593026441847284763999999999999999999999999999999998928577
1.278176392347565604782370020491036190490999999999999999999999999999999999221565
0.0376502984465751979700326807678488826938299999999999999999999999999999999982701
-0.01097470128286145851099104626314957213654000000000000000000000000000000000690804
0.2256553370840034258421297384240419002690000000000000000000000000000000000142175
0.2454121636178129816428299655752248834480000000000000000000000000000000000274849
0.4086114353595056447971210993906506142387000000000000000000000000000000000076074
0.09364546677496420825887756210538020999910000000000000000000000000000000001466617

26537 256 12953 6434
0.01771697679716243047865253247232075711214933333956244313165817049603856626104295
-3.447319122147054912358206277813998866095492471773063507802400680589798104645679
3.815056227833752675214234373203438016370830951073662303961999832084559229137705
2.463139050917801305291643616586886022748868991804564792329491811902953289331782
-2.467951877095358707425887533035326679493618284464558721144003478577423740483762
0.1460084385823993904440460914228735275279430806414551926195642196313926297243246
0.5728958160729275204720947376967561704434386541262579711557224743749678784098122
-0.3666798540508283769435785394670508298388837064248635780802476006054799146300874
0.8200060429298242638510394078914064083966254870492764242395348467242143420304878
-0.3191541515444846524990735285205783039232731701346023986414805986428695251247975
-0.2437423909728076431111782305568794164649090597892792340143528333072541766998855
-1.240562672153286185715117052333815783025383646308733117719674582240650175369927
-2.437091771141961650736667766737239258577364154138416445766671133510243377763258
3.643220441920489874780593042879873830108392366692316429552313396750431587148414
1.27817639234756560478237000674806062795926449354411236794838515061733759009917
0.03765029844657519797003266614958518926943112591135265587434209612457192486285327
-0.01097470128286145851099102029193228605427971741712561952428714909508981189218427
0.2256553370840034258421297437183905397105732263934907467200165279935447168843251
0.2454121636178129816428299550393325490332183955436453831363588729798076744612545
0.4086114353595056447971210946360224040314480525250689100731639843507003204750684
0.09364546677496420825887756074860160400960891704356792372040566765566400646238781

26537 512 12883 6362
0.0177169767971624304786525324723207571121493333395624431316581704960385662610429499999999999999999999999999999999999999999999999999999999999999999999434724612
-3.44731912214705491235820627781399886609549247177306350780240068058979810464567899999999999999999999999999999999999999999999999999999999999999999890949755692
3.81505622783375267521423437320343801637083095107366230396199983208455922913770500000000000000000000000000000000000000000000000000000000000000000223861554364
2.46313905091780130529164361658688602274886899180456479232949181190295328933178200000000000000000000000000000000000000000000000000000000000000000015477318945
-2.46795187709535870742588753303532667949361828446455872114400347857742374048376199999999999999999999999999999999999999999999999999999999999999999984393070882
0.146008438582399390444046091422873527527943080641455192619564219631392629724324599999999999999999999999999999999999999999999999999999999999999999829844234121
0.572895816072927520472094737696756170443438654126257971155722474374967878409812200000000000000000000000000000000000000000000000000000000000000000007806921523
-0.366679854050828376943578539467050829838883706424863578080247600605479914630087399999999999999999999999999999999999999999999999999999999999999999999874491684
0.820006042929824263851039407891406408396625487049276424239534846724214342030487800000000000000000000000000000000000000000000000000000000000000000003006237368
-0.319154151544484652499073528520578303923273170134602398641480598642869525124797500000000000000000000000000000000000000000000000000000000000000000305748958103
-0.243742390972807643111178230556879416464909059789279234014352833307254176699885499999999999999999999999999999999999999999999999999999999999999999942495359575
-1.24056267215328618571511705233381578302538364630873311771967458224065017536992700000000000000000000000000000000000000000000000000000000000000000019567404098
-2.43709177114196165073666776673723925857736415413841644576667113351024337776325800000000000000000000000000000000000000000000000000000000000000000006256146007
3.64322044192048987478059304287987383010839236669231642955231339675043158714841400000000000000000000000000000000000000000000000000000000000000000012316080819
1.27817639234756560478237000674806062795926449354411236794838515061733759009916999999999999999999999999999999999999999999999999999999999999999999975045972195
0.0376502984465751979700326661495851892694311259113526558743420961245719248628532700000000000000000000000000000000000000000000000000000000000000000001481802311
-0.0109747012828614585109910202919322860542797174171256195242871490950898118921842699999999999999999999999999999999999999999999999999999999999999999996130052547
0.225655337084003425842129743718390539710573226393490746720016527993544716884325100000000000000000000000000000000000000000000000000000000000000000002059957886
0.245412163617812981642829955039332549033218395543645383136358872979807674461254500000000000000000000000000000000000000000000000000000000000000000079646520502
0.408611435359505644797121094636022404031448052525068910073163984350700320475068399999999999999999999999999999999999999999999999999999999999999999998734150296
0.0936454667749642082588775607486016040096089170435679237204056676556640064623878099999999999999999999999999999999999999999999999999999999999999999948678588817

26561 512 25958 12939
0.0177169767971624304786525324723207571121493333395624431316574870671106486926749927547693543704083787203086397963624584187267807479719008281583265690992757239
-3.44731912214705491235820627781399886609549247177306350780241139284080903873926688368839953169720110256210388702153771504871871841117183459591983011876662865
3.81505622783375267521423437320343801637083095107366230396200390865219489043845794857730891655525631909395941317279751921597834742912823047954302071391257159
2.46313905091780130529164361658688602274886899180456479232954245164615039915884409055440913385527863380682719454304391782991064606061235607039169875759438261
-2.46795187709535870742588753303532667949361828446455872114406347504022907045388764156337034240771091789466153263888350208632184874977716441153550266094849451
0.146008438582399390444046091422873527527943080641455192619559854796085555469660131920627315011382022614878895227325053168472852492586462807619059264994756282
0.572895816072927520472094737696756170443438654126257971155549425901484203655357083787898160245645083599951957679737218300505003101951171325080420614948625966
-0.36667985405082837694357853946705082983888370642486357808009037249699542866386270244580472109400406412477965754119686291391174064878868536965578363143921539
0.820006042929824263851039407891406408396625487049276424239494269913534541264231722321434089810308098317366073747042552966839944112444676858336476335484324728
-0.319154151544484652499073528520578303923273170134602398641433115756016147145659902236728629574043347624199189071006855007122280445105470807499440081609468768
-0.243742390972807643111178230556879416464909059789279234014457886785848259015103894961267524193055473948167355136171217780047314169341482222376694582744078679
-1.24056267215328618571511705233381578302538364630873311771963704474359409212599736616712174804655889658363767537776599856776385872737348242425442105246519128
-2.4370917711419616507366677667372392585773641541384164457665976032704580037437978654071980283614152962080353802383097388994441658549579939730883549210652192
3.64322044192048987478059304287987383010839236669231642955227661472216446191803055056524630742984937124824112113862433646080309699430454113739197150976129159
1.27817639234756560478237000674806062795926449354411236794841592007773589296686857597034099317118029549159928961362261878645224188226526593791368075996033817
0.0376502984465751979700326661495851892694311259113526558743747968479127182113174291037273400397047365517157849617316772359133289424426092682300130054959498947
-0.0109747012828614585109910202919322860542797174171256195243452521231051074030606687222157721766782739875475530990480617974843727985334384248332429096012395532
0.22565533708400342584212974371839053971057322639349074672000468227154218358200844800976834744221655654258838742582463865364344257530544928371436299037590868
0.245412163617812981642829955039332549033218395543645383136382447742747649078531040737237342976254007293288269333194705781006953742372443168876358095195997368
0.40861143535950564479712109463602240403144805252506891007317462415368937402670994679649542240303686960368238156376758149016070754693679826212457675488851831
0.0936454667749642082588775607486016040096089170435679237204087011072131825044938040749873193154661039962727298145294586367599399914949156472621043521127192483

26561 2048 25822 12836
0.0177169767971624304786525324723207571121493333395624431316574870671106486926749927547693543704083787203086397963624584187267807479719008281583265690992757239000000000000000000000000000000000000000000000000000000000000000000000000000000000000000000000000000000000000000000000000000000000000000000000000000000000000000000000000000000000000000000000000000000000000000000000000000000000000000000000000000000000000000000000000000000000000000000000000000000000000000000000000000000000000000000000000000000000000000000000000000000000000000000000000000000000000000000000000000000000000000000000000000000000000000000000000000001
-3.44731912214705491235820627781399886609549247177306350780241139284080903873926688368839953169720110256210388702153771504871871841117183459591983011876662865000000000000000000000000000000000000000000000000000000000000000000000000000000000000000000000000000000000000000000000000000000000000000000000000000000000000000000000000000000000000000000000000000000000000000000000000000000000000000000000000000000000000000000000000000000000000000000000000000000000000000000000000000000000000000000000000000000000000000000000000000000000000000000000000000000000000000000000000000000000000000000000000000000000000000000000000000005
3.81505622783375267521423437320343801637083095107366230396200390865219489043845794857730891655525631909395941317279751921597834742912823047954302071391257158999999999999999999999999999999999999999999999999999999999999999999999999999999999999999999999999999999999999999999999999999999999999999999999999999999999999999999999999999999999999999999999999999999999999999999999999999999999999999999999999999999999999999999999999999999999999999999999999999999999999999999999999999999999999999999999999999999999999999999999999999999999999999999999999999999999999999999999999999999999999999999999999999999999999999999999999999999
2.46313905091780130529164361658688602274886899180456479232954245164615039915884409055440913385527863380682719454304391782991064606061235607039169875759438260999999999999999999999999999999999999999999999999999999999999999999999999999999999999999999999999999999999999999999999999999999999999999999999999999999999999999999999999999999999999999999999999999999999999999999999999999999999999999999999999999999999999999999999999999999999999999999999999999999999999999999999999999999999999999999999999999999999999999999999999999999999999999999999999999999999999999999999999999999999999999999999999999999999999999999999999999994
-2.46795187709535870742588753303532667949361828446455872114406347504022907045388764156337034240771091789466153263888350208632184874977716441153550266094849451000000000000000000000000000000000000000000000000000000000000000000000000000000000000000000000000000000000000000000000000000000000000000000000000000000000000000000000000000000000000000000000000000000000000000000000000000000000000000000000000000000000000000000000000000000000000000000000000000000000000000000000000000000000000000000000000000000000000000000000000000000000000000000000000000000000000000000000000000000000000000000000000000000000000000000000000000005
0.146008438582399390444046091422873527527943080641455192619559854796085555469660131920627315011382022614878895227325053168472852492586462807619059264994756282000000000000000000000000000000000000000000000000000000000000000000000000000000000000000000000000000000000000000000000000000000000000000000000000000000000000000000000000000000000000000000000000000000000000000000000000000000000000000000000000000000000000000000000000000000000000000000000000000000000000000000000000000000000000000000000000000000000000000000000000000000000000000000000000000000000000000000000000000000000000000000000000000000000000000000000000000001
0.572895816072927520472094737696756170443438654126257971155549425901484203655357083787898160245645083599951957679737218300505003101951171325080420614948625966000000000000000000000000000000000000000000000000000000000000000000000000000000000000000000000000000000000000000000000000000000000000000000000000000000000000000000000000000000000000000000000000000000000000000000000000000000000000000000000000000000000000000000000000000000000000000000000000000000000000000000000000000000000000000000000000000000000000000000000000000000000000000000000000000000000000000000000000000000000000000000000000000000000000000000000000000013
-0.366679854050828376943578539467050829838883706424863578080090372496995428663862702445804721094004064124779657541196862913911740648788685369655783631439215389999999999999999999999999999999999999999999999999999999999999999999999999999999999999999999999999999999999999999999999999999999999999999999999999999999999999999999999999999999999999999999999999999999999999999999999999999999999999999999999999999999999999999999999999999999999999999999999999999999999999999999999999999999999999999999999999999999999999999999999999999999999999999999999999999999999999999999999999999999999999999999999999999999999999999999999999999999
0.820006042929824263851039407891406408396625487049276424239494269913534541264231722321434089810308098317366073747042552966839944112444676858336476335484324728000000000000000000000000000000000000000000000000000000000000000000000000000000000000000000000000000000000000000000000000000000000000000000000000000000000000000000000000000000000000000000000000000000000000000000000000000000000000000000000000000000000000000000000000000000000000000000000000000000000000000000000000000000000000000000000000000000000000000000000000000000000000000000000000000000000000000000000000000000000000000000000000000000000000000000000000000002
-0.319154151544484652499073528520578303923273170134602398641433115756016147145659902236728629574043347624199189071006855007122280445105470807499440081609468767999999999999999999999999999999999999999999999999999999999999999999999999999999999999999999999999999999999999999999999999999999999999999999999999999999999999999999999999999999999999999999999999999999999999999999999999999999999999999999999999999999999999999999999999999999999999999999999999999999999999999999999999999999999999999999999999999999999999999999999999999999999999999999999999999999999999999999999999999999999999999999999999999999999999999999999999999994
-0.243742390972807643111178230556879416464909059789279234014457886785848259015103894961267524193055473948167355136171217780047314169341482222376694582744078678999999999999999999999999999999999999999999999999999999999999999999999999999999999999999999999999999999999999999999999999999999999999999999999999999999999999999999999999999999999999999999999999999999999999999999999999999999999999999999999999999999999999999999999999999999999999999999999999999999999999999999999999999999999999999999999999999999999999999999999999999999999999999999999999999999999999999999999999999999999999999999999999999999999999999999999999999997
-1.24056267215328618571511705233381578302538364630873311771963704474359409212599736616712174804655889658363767537776599856776385872737348242425442105246519127999999999999999999999999999999999999999999999999999999999999999999999999999999999999999999999999999999999999999999999999999999999999999999999999999999999999999999999999999999999999999999999999999999999999999999999999999999999999999999999999999999999999999999999999999999999999999999999999999999999999999999999999999999999999999999999999999999999999999999999999999999999999999999999999999999999999999999999999999999999999999999999999999999999999999999999999999999
-2.43709177114196165073666776673723925857736415413841644576659760327045800374379786540719802836141529620803538023830973889944416585495799397308835492106521919999999999999999999999999999999999999999999999999999999999999999999999999999999999999999999999999999999999999999999999999999999999999999999999999999999999999999999999999999999999999999999999999999999999999999999999999999999999999999999999999999999999999999999999999999999999999999999999999999999999999999999999999999999999999999999999999999999999999999999999999999999999999999999999999999999999999999999999999999999999999999999999999999999999999999999999999999998
3.64322044192048987478059304287987383010839236669231642955227661472216446191803055056524630742984937124824112113862433646080309699430454113739197150976129158999999999999999999999999999999999999999999999999999999999999999999999999999999999999999999999999999999999999999999999999999999999999999999999999999999999999999999999999999999999999999999999999999999999999999999999999999999999999999999999999999999999999999999999999999999999999999999999999999999999999999999999999999999999999999999999999999999999999999999999999999999999999999999999999999999999999999999999999999999999999999999999999999999999999999999999999999997
1.27817639234756560478237000674806062795926449354411236794841592007773589296686857597034099317118029549159928961362261878645224188226526593791368075996033816999999999999999999999999999999999999999999999999999999999999999999999999999999999999999999999999999999999999999999999999999999999999999999999999999999999999999999999999999999999999999999999999999999999999999999999999999999999999999999999999999999999999999999999999999999999999999999999999999999999999999999999999999999999999999999999999999999999999999999999999999999999999999999999999999999999999999999999999999999999999999999999999999999999999999999999999999999
0.0376502984465751979700326661495851892694311259113526558743747968479127182113174291037273400397047365517157849617316772359133289424426092682300130054959498947000000000000000000000000000000000000000000000000000000000000000000000000000000000000000000000000000000000000000000000000000000000000000000000000000000000000000000000000000000000000000000000000000000000000000000000000000000000000000000000000000000000000000000000000000000000000000000000000000000000000000000000000000000000000000000000000000000000000000000000000000000000000000000000000000000000000000000000000000000000000000000000000000000000000000000000000000002
-0.0109747012828614585109910202919322860542797174171256195243452521231051074030606687222157721766782739875475530990480617974843727985334384248332429096012395531999999999999999999999999999999999999999999999999999999999999999999999999999999999999999999999999999999999999999999999999999999999999999999999999999999999999999999999999999999999999999999999999999999999999999999999999999999999999999999999999999999999999999999999999999999999999999999999999999999999999999999999999999999999999999999999999999999999999999999999999999999999999999999999999999999999999999999999999999999999999999999999999999999999999999999999999999999
0.225655337084003425842129743718390539710573226393490746720004682271542183582008448009768347442216556542588387425824638653643442575305449283714362990375908679999999999999999999999999999999999999999999999999999999999999999999999999999999999999999999999999999999999999999999999999999999999999999999999999999999999999999999999999999999999999999999999999999999999999999999999999999999999999999999999999999999999999999999999999999999999999999999999999999999999999999999999999999999999999999999999999999999999999999999999999999999999999999999999999999999999999999999999999999999999999999999999999999999999999999999999999999998
0.245412163617812981642829955039332549033218395543645383136382447742747649078531040737237342976254007293288269333194705781006953742372443168876358095195997368000000000000000000000000000000000000000000000000000000000000000000000000000000000000000000000000000000000000000000000000000000000000000000000000000000000000000000000000000000000000000000000000000000000000000000000000000000000000000000000000000000000000000000000000000000000000000000000000000000000000000000000000000000000000000000000000000000000000000000000000000000000000000000000000000000000000000000000000000000000000000000000000000000000000000000000000000002
0.408611435359505644797121094636022404031448052525068910073174624153689374026709946796495422403036869603682381563767581490160707546936798262124576754888518310000000000000000000000000000000000000000000000000000000000000000000000000000000000000000000000000000000000000000000000000000000000000000000000000000000000000000000000000000000000000000000000000000000000000000000000000000000000000000000000000000000000000000000000000000000000000000000000000000000000000000000000000000000000000000000000000000000000000000000000000000000000000000000000000000000000000000000000000000000000000000000000000000000000000000000000000000007
0.093645466774964208258877560748601604009608917043567923720408701107213182504493804074987319315466103996272729814529458636759939991494915647262104352112719248300000000000000000000000000000000000000000000000000000000000000000000000000000000000000000000000000000000000000000000000000000000000000000000000000000000000000000000000000000000000000000000000000000000000000000000000000000000000000000000000000000000000000000000000000000000000000000000000000000000000000000000000000000000000000000000000000000000000000000000000000000000000000000000000000000000000000000000000000000000000000000000000000000000000000000000000000001

26584 2048 123354 61670
0.017716976797162430478652532472320757112149333339562443131657487067110648692674992754769354370408378720308639796362458418726812060858539678967628148671673875992304004497127154605671065124407075250058546803088791348091902409976174512934600418531760272556276184349387495335043170477020184874928199221585032822381853096882116041683644445759427619665661074878176671185112513335424212473973247826700002268948671059859172900764469458258463421556315479187868217286365467701169367194293125641987011202798585548892550463524944987287115822082590353906681971804508088785746810300460101334342870404847446472910007275883529608994027
-3.44731912214705491235820627781399886609549247177306350780241139284080903873926688368839953169720110256210388702153771504871822758740514920676107687960361810991999748493664938696391597939429299905883929685364208856960813992233374486489416033871098493732087441853259085588874354206511282878186749506313616474080688100231839480483901805427698794504057448385122353101637745986112541648394183041527747189920312874797090738888390837444739669119864151722896742300865024109675458491907651566297008837122800583539923021468717994021321489325979422118612287050934289025934008637773609313193640406077179279264596948807567969794447
3.8150562278337526752142343732034380163708309510736623039620039086521948904384579485773089165552563190939594131727975192159781606302671129491570182790925940629463505017103246952282013879346923848667093081992067213583974579480309865625963668333450854935624991588038218859352091259370822937053650391395074140667965714934531585772532442509987057086385203242978501693201716495015519586728305852205745862360733398626283108387378925674864986366886734748750908475990932695592262679399137869812523398356614085658539185336083564382683400136963524163447846397739859999593975923995999233333731921787451718261753579619428126737872
2.46313905091780130529164361658688602274886899180456479232954245164615039915884409055440913385527863380682719454304391782990832559417351894461636119910495793417910256115971823348189487790324681072947482043980299499734627410425124696554472629007026255779216024830877815516305915422942713221833364561032194004069485939425726110110615206142530919830591894141428201601079449539538019252311116786576180024496161924619514749565531301057513488155658634055949411194988963560368695308136519631660072263043951209178547900242256548890480183350763064148826544064998755486521250822499136059639015151994205104886306779464316432326793
-2.46795187709535870742588753303532667949361828446455872114406347504022907045388764156337034240771091789466153263888350208631909951628123297471458706706333476992509493919088850759894336852187553500418643197683710433942419132352116206747492917046767401455774829451424805402044913490478600418168910565582570622431557721039185456755875929680319864375380259359664223591247388422527043713355103809908342228405848571452171107372252356979379489017549528565196012110732434887902192338997019241903019615940237443814144215507038082253049504441660275878570196315655148260116614583308077645825664444700590506093020437750448280645592
0.146008438582399390444046091422873527527943080641455192619559854796085555469660131920627315011382022614878895227325053168473052499534364015324709656727986746355148196992279438786435504438194781913613423773694107989317744134918711134322586651844601715084416156306368453513951760787553683958904806127246812251088331146778313902305492366248185334050655870987727177458146853321095064311337059277022453430765987577262118793444777118895450751644220781468717410072450384678735156038932186778296915458877271455224915037823739063884922710809460479841452416395824220275563808173009436380443843839566618989169407324414132379124607
0.572895816072927520472094737696756170443438654126257971155549425901484203655357083787898160245645083599951957679737218300512932711748762431128104654615328499476242448780505811835744251473466040530803576333545912131816920775841053179347534608879531460125711910568066610279936472470444849359522856501301186219240508761928698943626152478000091640095565832752726051172202331318948971715040408178063467961334189852421343480185238205016844945056964645349693693737351281908429186285019649076312266867966959673640487345232485135037008882939580253566988683926782051320589526169639123374281552315236571894792208544300061797328469
-0.366679854050828376943578539467050829838883706424863578080090372496995428663862702445804721094004064124779657541196862913918945138133982736645637721771707448196809555531629540616494560933108611140228138238307948652742658923434185975740457706444969601693721865855067795651811057491231875979589244976213375627843581007536981840196186377733515075747730284592998483574378174294271871857543322798358005940099873973995864438422917103870276728024078104956291432587820731373791477885363503951167034116546772882475818446699505562724981724515008105047549030064699616777974806916136245985516850960055363786256594801665178768928693
0.820006042929824263851039407891406408396625487049276424239494269913534541264231722321434089810308098317366073747042552966841803665976071915277334540313169335935547677140048505130300476521563241408776587196881677047779817693730388121239433895035282001029602119469052657169050671887687974685815193474431577453630157927322285082936600502339669136087747502444530455175571613562363640040412965025903062762126062449287468711252907793706115205109382219438708440111572762253285993265998889855328597788592373166628742586031753670179151406998698695482909934501959536427008288385100951880881037121093765415549623302063080314498511
-0.31915415154448465249907352852057830392327317013460239864143311575601614714565990223672862957404334762419918907100685500712445666191057437650518068908040306294421589705913030267760739723987983851764587537392342150891466947772225234009218200303116671402362394862590620481255992405887904501312597199471113242309076947084509075660008612614343023183872075724121806862887210817344951103042173455214945031933205923971023070535062853979707541948288617467066497034766330890608276162353295367286534168591072575077024454282728091611143880783687383046364903888740353482687265536042652032627135789703638353220266681649214620608251
-0.243742390972807643111178230556879416464909059789279234014457886785848259015103894961267524193055473948167355136171217780042500258234469622914508857315775007804420837156394253396928389186684924946778708873926486764553303570291505752913058646363192939362203356983874855005896533139400216161173422047573742463984093406153350806468328057864156459526961058567026385530443505270275394627764777627037363775403813923999062984035470084632751646476348360086024808920274546271092658131675994342348035234951449288473250697428810605837706508528099725389565734987262733123801162973934747565438689319242319369825284419982161227487814
-1.24056267215328618571511705233381578302538364630873311771963704474359409212599736616712174804655889658363767537776599856776557870729506900345351082315241639990196369842172369624841864382907964524520638901088793524063831778975175114755872094704667836617653734819468610421772297237283622417519755886565564370078533003729240926838536574825165406215859586140336791478181288922978767531322027939132987893712719092190185470766895427317047113581009829375802668114678380937155902753333189538615268176068133101579325292404012240612082017041945685887873030146028354606120669506288492326162696518720670225755548053100872852075521
-2.43709177114196165073666776673723925857736415413841644576659760327045800374379786540719802836141529620803538023830973889944753509036844660184710489010281333392442782699060893504077285332705614048941305556971915438002420968934073231342434463113295745338506838872247510564690762460187115657809592285075494045716437703738367764338629491364048296001994420376968120971396552868599306696890683371541903425721803328670787929624750882500999627046042180717179997910772982824503048088339337057149772940482469480583081928747811572021295917363471499741861341505988159544639951965876255602083219638208343062416240307496651589848209
3.64322044192048987478059304287987383010839236669231642955227661472216446191803055056524630742984937124824112113862433646080478242812972606280239263388198410557533983334592366836407276478894887272286350968332358365237722492626977926505087722804286329130915912598449209376884211375628447679124780829375915119957863946273706088442219183473105052851177573243586855289101681048300624276035894212293442466985894258714342444994460169796284639454756857929659881757061296374179187290958683917287630855988484760575428961770998592372636735732849960987862237558296155854445816028862509139799505669107174772879863745152408145119245
1.27817639234756560478237000674806062795926449354411236794841592007773589296686857597034099317118029549159928961362261878645083162776825916541273193668902063605547252922280321632204712155387183795853464377120999273283860612311420994884524699649996546761464996791654397110168501635782312012321909547022517542235516101809237683381779688502524295319372539130420695713520511270304989414953294861085185229989009554546537253800733148485037265819929988171925265160417522014589029363881442112712213784057262750434303329123706280844511849525377197180828707592446631608694921740695713544990279419746070452274453057443332419552563
0.0376502984465751979700326661495851892694311259113526558743747968479127182113174291037273400397047365517157849617316772359118307279335445949086429569521146016569546906307061572026020979000898687319553107596857288343828145082229416663744110361059332421246183648834534777863743749194425201002845692882993534976673019261055480084547919455134946993942271864005929508860253795684658605511074407699886835825093566598967756276957709926628186331011632174774700561127456198960865882840593422352747531224977017059499937696420788956174464145821081260672357763655379264170598316329714436169642497294101802150367336646656293028398396
-0.0109747012828614585109910202919322860542797174171256195243452521231051074030606687222157721766782739875475530990480617974817105890772036500626827347820212125255119137289353210961163446174559813610031468353014253102320537988103743291951195382310837731189882949772677575327433360281963896686675650846217738552715077713009099501622344320142723087047218132576604606090586576535769879484913439124916883967282788476981277969659212940445944196517595229579483606019974674543778027766080567456969585986046174588793052904034799632833866333578480440377170993269737608462688488043084928163723494330849190757148053589459982615438436
0.225655337084003425842129743718390539710573226393490746720004682271542183582008448009768347442216556542588387425824638653643985397370854045257197262952209118684355915280804636135773351885834110125084583718938431237399320032927050352090184522071435888242921766860422923360458954628264510005240771698583182451092383602442691464204918577221704395462095174719815433323022634193943591123772987658932412032222931381858227323616625746907696577515817523289842657077426930644782953770779440871189876364209845397628053034124922667202729508696837244237252211586270088698763835377433049210122514329090674148785991008309842751702401
0.245412163617812981642829955039332549033218395543645383136382447742747649078531040737237342976254007293288269333194705781005873460278314650066900049101003720618885656005524655584227295089511484384643049983398412876096633618141767568806910579672521091155036038983263903851617497836687313268905455803143507332571650530104322370874281007927336173189591989391117660874780201846407522054691625999168617713224088669222020302757338169462054493616967946750294779849176349085908001685532268076331121288074096280962620862021830141856469063841211925210305649783128865636537772743141022298754677210705921635368157762689953939778254
0.408611435359505644797121094636022404031448052525068910073174624153689374026709946796495422403036869603682381563767581490160219974970119568592740423347816913197052878049471084781017595904098900197962814215102111327961975441328917368088868596631875814559839886331886058902191508203043585827142293908453817272258960678588152532313305829942278050736579550136719492029754790626369775129450431596175826699602111837185653294529191564094314115030132930198408620644521221668141032349635415443643376476692092343752718214888582781606520692110970725816198744959446313898951443313018389349104489436659014434624202653009470667846598
0.0936454667749642082588775607486016040096089170435679237204087011072131825044938040749873193154661039962727298145294586367598010285243707912372020424288768583682627737624287873924960038379216179213573881581767410343913101981896973738347448037493177370365722379182413936321010004407584604670944743861419133016812110340601955743149370714094589899222279126094149234954756514183902390894688578882261483691697902995354512483669948209177106003876779052419322469181273461594592266866015901192578313471308817305859194097260654770002209541267200227067247166325905661949559657377445883414264187272191286418997202702711015993767524

