0 128 -292 -364
0.9102118154352711879846804398400912130488
0.4016717498163128377828315800299437880719
0.8288972442490426011674369330762288331183
0.1873288856630239123935062744165245071332
0.6734276715511684871940038590511095899529
0.4730707497267568405537252194296518201131
0.6560691691873951276650604047890459303684
0.3364470138707572423703699093823372693592
0.0981447430166858831097208550390389137613
0.7440712026695362427860146569927124527043
0.2901351769491939919261273009709923176862
0.7380696300099364271095580090526385139319
0.4138558799895256113669498931359171590754
0.1493054353463448421327721532758192495437
0.2322683192855404911914923644398081492719
0.1565262778467765396433003974624422169201
0.7047690960555365719418419848049500537263
0.4292417202554484666774030058144777918855
0.313411707199444549285362658237387614141
0.5549964288118722180561673053991722928548
0.9837139140937085772830521236729252679056

197 128 6456 3163
0.1894990732491402276014020397621121601181
-0.6380027259651378032052737346609037462024
1.233191125759860734367556219292523728413
0.2446821927515645608275616696702021452035
0.1244581696666003753727429266430025997434
0.3285962797646415336355865616753045398478
0.3714704950452911477640218875440376173966
0.1491474544855468980330061287593463507898
-0.4203239790325224566302096874787035372471
-0.1298431020002233990200764263789776525838
0.3181729385323200675202413066313594940521
0.1388032521831401572745519742721203428385
-0.2543155791718744350456847981096296243849
0.8912934062981673182830839040927200868683
-0.09395401784175310803219238688655604749236
0.04820574956231826785369888802003960502605
0.3581215400603869474960709768206109350499
0.1940325424129723066616561249510710196422
0.30644019364507912054318224392168023951
-0.009359296475784967369830894214918352379324
0.1025592707950283248152226605015164568547

197 256 6512 3221
0.1894990732491402276014020397621121601181000000000000000000000000000000000442431
-0.6380027259651378032052737346609037462023999999999999999999999999999999999594231
1.233191125759860734367556219292523728412999999999999999999999999999999999955559
0.2446821927515645608275616696702021452035000000000000000000000000000000000661985
0.1244581696666003753727429266430025997433999999999999999999999999999999999760718
0.328596279764641533635586561675304539847799999999999999999999999999999999971091
0.3714704950452911477640218875440376173965999999999999999999999999999999999758474
0.1491474544855468980330061287593463507897999999999999999999999999999999999952128
-0.4203239790325224566302096874787035372471000000000000000000000000000000000027694
-0.1298431020002233990200764263789776525838000000000000000000000000000000000345867
0.3181729385323200675202413066313594940521000000000000000000000000000000000015738
0.1388032521831401572745519742721203428384999999999999999999999999999999999898365
-0.2543155791718744350456847981096296243849000000000000000000000000000000000853277
0.8912934062981673182830839040927200868682999999999999999999999999999999999083174
-0.09395401784175310803219238688655604749236000000000000000000000000000000000097945
0.0482057495623182678536988880200396050260499999999999999999999999999999999957273
0.3581215400603869474960709768206109350498999999999999999999999999999999999874189
0.194032542412972306661656124951071019642200000000000000000000000000000000055398
0.306440193645079120543182243921680239510000000000000000000000000000000000008066
-0.009359296475784967369830894214918352379323999999999999999999999999999999999735864
0.1025592707950283248152226605015164568546999999999999999999999999999999999784891

215 256 12897 6395
0.1894990732491402276014020397620886181037377935480121955452259398845038408507972
-0.6380027259651378032052737346609957081357716474569982378437924235616851930991034
1.233191125759860734367556219292596533600917675093219266637201314206760375894255
0.2446821927515645608275616696701606580537900471928382670171173650386714889038071
0.1244581696666003753727429266430428030058198130362075460363135806168060214502611
0.3285962797646415336355865616753103843068502476139995419460611169880625308480979
0.3714704950452911477640218875440178482789237853342620471026476969417091944506441
0.1491474544855468980330061287593228229107279082681181944613760333364367963575463
-0.4203239790325224566302096874787809006012929530170336788643229743771223782025667
-0.1298431020002233990200764263790168194495599041049307466505552498079641774601396
0.3181729385323200675202413066313189739118346546020709404568199692963013802250215
0.1388032521831401572745519742721694405534034079388301912677921063431625819940167
-0.2543155791718744350456847981096963335147388028683297772286078912644080925528098
0.8912934062981673182830839040927413818206171424755506504019876954251974053359561
-0.09395401784175310803219238688653346277111640214812200489799187931415253593922118
0.04820574956231826785369888802002292349985021904258972769149662832572963901248825
0.3581215400603869474960709768206198653368896221708272122936097207889369346010498
0.1940325424129723066616561249510622595210544813149082459396538857989476035214182
0.3064401936450791205431822439216917413266362874686019158812111478472902643085014
-0.009359296475784967369830894214918181707733919117809518547072739478297676676393293
0.1025592707950283248152226605015213920233033091208824167411013567191736541852656

215 512 12963 6432
0.189499073249140227601402039762088618103737793548012195545225939884503840850797199999999999999999999999999999999999999999999999999999999999999999775344968294
-0.638002725965137803205273734660995708135771647456998237843792423561685193099103399999999999999999999999999999999999999999999999999999999999999999992600333891
1.23319112575986073436755621929259653360091767509321926663720131420676037589425500000000000000000000000000000000000000000000000000000000000000000029994157576
0.244682192751564560827561669670160658053790047192838267017117365038671488903807099999999999999999999999999999999999999999999999999999999999999999990489900125
0.124458169666600375372742926643042803005819813036207546036313580616806021450261100000000000000000000000000000000000000000000000000000000000000000071839798355
0.328596279764641533635586561675310384306850247613999541946061116988062530848097899999999999999999999999999999999999999999999999999999999999999999967969901884
0.371470495045291147764021887544017848278923785334262047102647696941709194450644100000000000000000000000000000000000000000000000000000000000000000007804905489
0.14914745448554689803300612875932282291072790826811819446137603333643679635754630000000000000000000000000000000000000000000000000000000000000000012590696659
-0.42032397903252245663020968747878090060129295301703367886432297437712237820256670000000000000000000000000000000000000000000000000000000000000000001203979005
-0.129843102000223399020076426379016819449559904104930746650555249807964177460139600000000000000000000000000000000000000000000000000000000000000000019591728078
0.318172938532320067520241306631318973911834654602070940456819969296301380225021499999999999999999999999999999999999999999999999999999999999999999921887571999
0.138803252183140157274551974272169440553403407938830191267792106343162581994016700000000000000000000000000000000000000000000000000000000000000000305965324222
-0.254315579171874435045684798109696333514738802868329777228607891264408092552809800000000000000000000000000000000000000000000000000000000000000000004673445032
0.891293406298167318283083904092741381820617142475550650401987695425197405335956099999999999999999999999999999999999999999999999999999999999999999845357840118
-0.0939540178417531080321923868865334627711164021481220048979918793141525359392211800000000000000000000000000000000000000000000000000000000000000000389190796414
0.0482057495623182678536988880200229234998502190425897276914966283257296390124882499999999999999999999999999999999999999999999999999999999999999999984294079272
0.358121540060386947496070976820619865336889622170827212293609720788936934601049799999999999999999999999999999999999999999999999999999999999999999844828361497
0.194032542412972306661656124951062259521054481314908245939653885798947603521418199999999999999999999999999999999999999999999999999999999999999999996290201799
0.306440193645079120543182243921691741326636287468601915881211147847290264308501400000000000000000000000000000000000000000000000000000000000000000014912702727
-0.00935929647578496736983089421491818170773391911780951854707273947829767667639329299999999999999999999999999999999999999999999999999999999999999999893822059523
0.102559270795028324815222660501521392023303309120882416741101356719173654185265600000000000000000000000000000000000000000000000000000000000000000000700438503

236 512 25904 12931
0.189499073249140227601402039762088618103737793548012195545225940204778192138634220576697259507582752943963931521195893977386474377428376291790798137682597962
-0.638002725965137803205273734660995708135771647456998237843792422270805686092658985852066057061258001701609701775399963166687784215604380787634188765314559083
1.23319112575986073436755621929259653360091767509321926663720131294558932566408522900385820119088722334481740169210983516632257282115300455824357129540872803
0.244682192751564560827561669670160658053790047192838267017117364725665939290942400646057621240373661470315496500388254796564419533858928908105161588654429112
0.124458169666600375372742926643042803005819813036207546036313581152653422698865540616539647313966345599819072469865812726525269069305414764433307974984730964
0.328596279764641533635586561675310384306850247613999541946061116939025927584883987149493925842171450518665610158229544848196346631220052975512664540770505712
0.371470495045291147764021887544017848278923785334262047102647696025727017721342806010040279546669023611857309124394904233965049743831858098791565260260310631
0.149147454485546898033006128759322822910727908268118194461376032562381340879507893538675985906248100494261878304444571108973781426722535386119790822607275722
-0.420323979032522456630209687478780900601292953017033678864322973523589262341890190375209813258943666974256614354403412766722735224421827943834128659740895234
-0.129843102000223399020076426379016819449559904104930746650555249692579673531537727085228799606647359094024332835890698965007369100135635467694649734949107324
0.31817293853232006752024130663131897391183465460207094045681996993633192709174974213773789206896905794722178994239396516029733448476522457140955298585201639
0.138803252183140157274551974272169440553403407938830191267792105918825119453930686551854985982508004932991863083559258043558374377101086377619598083414900888
-0.254315579171874435045684798109696333514738802868329777228607889076878167526076584780826616491366231972502642491761829863822563276362842736859742144986520307
0.891293406298167318283083904092741381820617142475550650401987692445422286460804182223118692338232492276851012959301837707178758917777971557247133636468862925
-0.0939540178417531080321923868865334627711164021481220048979918792237011654804080261318849538983433231845620234934932310472119045017323973720248312275787858446
0.0482057495623182678536988880200229234998502190425897276914966284134108600062803385506846992477745402131452851521520600943561649323199322367260588243688038819
0.358121540060386947496070976820619865336889622170827212293609721115502140757465862911856135430639191900565666069462166516150363973608517470396900837590910894
0.194032542412972306661656124951062259521054481314908245939653885697255740518399180749572967509968385354316297021976041037728583047782334841478066425089620135
0.306440193645079120543182243921691741326636287468601915881211147283095338186059884110754337425541798869196496431961771376080853972752621119506527219256372338
-0.00935929647578496736983089421491818170773391911780951854707273949804568636580400135365420393422400738564761296822582828734342548959695641967520653216445280367
0.102559270795028324815222660501521392023303309120882416741101356988781606897598735030786064320300091048423868292673789263027459563107247805176722260814165268

236 2048 25879 12908
0.189499073249140227601402039762088618103737793548012195545225940204778192138634220576697259507582752943963931521195893977386474377428376291790798137682597961999999999999999999999999999999999999999999999999999999999999999999999999999999999999999999999999999999999999999999999999999999999999999999999999999999999999999999999999999999999999999999999999999999999999999999999999999999999999999999999999999999999999999999999999999999999999999999999999999999999999999999999999999999999999999999999999999999999999999999999999999999999999999999999999999999999999999999999999999999999999999999999999999999999999999999999999999997
-0.638002725965137803205273734660995708135771647456998237843792422270805686092658985852066057061258001701609701775399963166687784215604380787634188765314559083000000000000000000000000000000000000000000000000000000000000000000000000000000000000000000000000000000000000000000000000000000000000000000000000000000000000000000000000000000000000000000000000000000000000000000000000000000000000000000000000000000000000000000000000000000000000000000000000000000000000000000000000000000000000000000000000000000000000000000000000000000000000000000000000000000000000000000000000000000000000000000000000000000000000000000000000000015
1.23319112575986073436755621929259653360091767509321926663720131294558932566408522900385820119088722334481740169210983516632257282115300455824357129540872802999999999999999999999999999999999999999999999999999999999999999999999999999999999999999999999999999999999999999999999999999999999999999999999999999999999999999999999999999999999999999999999999999999999999999999999999999999999999999999999999999999999999999999999999999999999999999999999999999999999999999999999999999999999999999999999999999999999999999999999999999999999999999999999999999999999999999999999999999999999999999999999999999999999999999999999999999999
0.244682192751564560827561669670160658053790047192838267017117364725665939290942400646057621240373661470315496500388254796564419533858928908105161588654429112
0.124458169666600375372742926643042803005819813036207546036313581152653422698865540616539647313966345599819072469865812726525269069305414764433307974984730964000000000000000000000000000000000000000000000000000000000000000000000000000000000000000000000000000000000000000000000000000000000000000000000000000000000000000000000000000000000000000000000000000000000000000000000000000000000000000000000000000000000000000000000000000000000000000000000000000000000000000000000000000000000000000000000000000000000000000000000000000000000000000000000000000000000000000000000000000000000000000000000000000000000000000000000000000002
0.328596279764641533635586561675310384306850247613999541946061116939025927584883987149493925842171450518665610158229544848196346631220052975512664540770505711999999999999999999999999999999999999999999999999999999999999999999999999999999999999999999999999999999999999999999999999999999999999999999999999999999999999999999999999999999999999999999999999999999999999999999999999999999999999999999999999999999999999999999999999999999999999999999999999999999999999999999999999999999999999999999999999999999999999999999999999999999999999999999999999999999999999999999999999999999999999999999999999999999999999999999999999999995
0.371470495045291147764021887544017848278923785334262047102647696025727017721342806010040279546669023611857309124394904233965049743831858098791565260260310631
0.149147454485546898033006128759322822910727908268118194461376032562381340879507893538675985906248100494261878304444571108973781426722535386119790822607275721999999999999999999999999999999999999999999999999999999999999999999999999999999999999999999999999999999999999999999999999999999999999999999999999999999999999999999999999999999999999999999999999999999999999999999999999999999999999999999999999999999999999999999999999999999999999999999999999999999999999999999999999999999999999999999999999999999999999999999999999999999999999999999999999999999999999999999999999999999999999999999999999999999999999999999999999999996
-0.420323979032522456630209687478780900601292953017033678864322973523589262341890190375209813258943666974256614354403412766722735224421827943834128659740895233999999999999999999999999999999999999999999999999999999999999999999999999999999999999999999999999999999999999999999999999999999999999999999999999999999999999999999999999999999999999999999999999999999999999999999999999999999999999999999999999999999999999999999999999999999999999999999999999999999999999999999999999999999999999999999999999999999999999999999999999999999999999999999999999999999999999999999999999999999999999999999999999999999999999999999999999999996
-0.129843102000223399020076426379016819449559904104930746650555249692579673531537727085228799606647359094024332835890698965007369100135635467694649734949107324
0.318172938532320067520241306631318973911834654602070940456819969936331927091749742137737892068969057947221789942393965160297334484765224571409552985852016390000000000000000000000000000000000000000000000000000000000000000000000000000000000000000000000000000000000000000000000000000000000000000000000000000000000000000000000000000000000000000000000000000000000000000000000000000000000000000000000000000000000000000000000000000000000000000000000000000000000000000000000000000000000000000000000000000000000000000000000000000000000000000000000000000000000000000000000000000000000000000000000000000000000000000000000000000003
0.138803252183140157274551974272169440553403407938830191267792105918825119453930686551854985982508004932991863083559258043558374377101086377619598083414900888
-0.254315579171874435045684798109696333514738802868329777228607889076878167526076584780826616491366231972502642491761829863822563276362842736859742144986520307000000000000000000000000000000000000000000000000000000000000000000000000000000000000000000000000000000000000000000000000000000000000000000000000000000000000000000000000000000000000000000000000000000000000000000000000000000000000000000000000000000000000000000000000000000000000000000000000000000000000000000000000000000000000000000000000000000000000000000000000000000000000000000000000000000000000000000000000000000000000000000000000000000000000000000000000000001
0.891293406298167318283083904092741381820617142475550650401987692445422286460804182223118692338232492276851012959301837707178758917777971557247133636468862924999999999999999999999999999999999999999999999999999999999999999999999999999999999999999999999999999999999999999999999999999999999999999999999999999999999999999999999999999999999999999999999999999999999999999999999999999999999999999999999999999999999999999999999999999999999999999999999999999999999999999999999999999999999999999999999999999999999999999999999999999999999999999999999999999999999999999999999999999999999999999999999999999999999999999999999999999997
-0.0939540178417531080321923868865334627711164021481220048979918792237011654804080261318849538983433231845620234934932310472119045017323973720248312275787858445999999999999999999999999999999999999999999999999999999999999999999999999999999999999999999999999999999999999999999999999999999999999999999999999999999999999999999999999999999999999999999999999999999999999999999999999999999999999999999999999999999999999999999999999999999999999999999999999999999999999999999999999999999999999999999999999999999999999999999999999999999999999999999999999999999999999999999999999999999999999999999999999999999999999999999999999999989
0.0482057495623182678536988880200229234998502190425897276914966284134108600062803385506846992477745402131452851521520600943561649323199322367260588243688038819000000000000000000000000000000000000000000000000000000000000000000000000000000000000000000000000000000000000000000000000000000000000000000000000000000000000000000000000000000000000000000000000000000000000000000000000000000000000000000000000000000000000000000000000000000000000000000000000000000000000000000000000000000000000000000000000000000000000000000000000000000000000000000000000000000000000000000000000000000000000000000000000000000000000000000000000000007
0.358121540060386947496070976820619865336889622170827212293609721115502140757465862911856135430639191900565666069462166516150363973608517470396900837590910894000000000000000000000000000000000000000000000000000000000000000000000000000000000000000000000000000000000000000000000000000000000000000000000000000000000000000000000000000000000000000000000000000000000000000000000000000000000000000000000000000000000000000000000000000000000000000000000000000000000000000000000000000000000000000000000000000000000000000000000000000000000000000000000000000000000000000000000000000000000000000000000000000000000000000000000000000007
0.194032542412972306661656124951062259521054481314908245939653885697255740518399180749572967509968385354316297021976041037728583047782334841478066425089620135000000000000000000000000000000000000000000000000000000000000000000000000000000000000000000000000000000000000000000000000000000000000000000000000000000000000000000000000000000000000000000000000000000000000000000000000000000000000000000000000000000000000000000000000000000000000000000000000000000000000000000000000000000000000000000000000000000000000000000000000000000000000000000000000000000000000000000000000000000000000000000000000000000000000000000000000000003
0.306440193645079120543182243921691741326636287468601915881211147283095338186059884110754337425541798869196496431961771376080853972752621119506527219256372337999999999999999999999999999999999999999999999999999999999999999999999999999999999999999999999999999999999999999999999999999999999999999999999999999999999999999999999999999999999999999999999999999999999999999999999999999999999999999999999999999999999999999999999999999999999999999999999999999999999999999999999999999999999999999999999999999999999999999999999999999999999999999999999999999999999999999999999999999999999999999999999999999999999999999999999999999993
-0.00935929647578496736983089421491818170773391911780951854707273949804568636580400135365420393422400738564761296822582828734342548959695641967520653216445280367000000000000000000000000000000000000000000000000000000000000000000000000000000000000000000000000000000000000000000000000000000000000000000000000000000000000000000000000000000000000000000000000000000000000000000000000000000000000000000000000000000000000000000000000000000000000000000000000000000000000000000000000000000000000000000000000000000000000000000000000000000000000000000000000000000000000000000000000000000000000000000000000000000000000000000000000000001
0.102559270795028324815222660501521392023303309120882416741101356988781606897598735030786064320300091048423868292673789263027459563107247805176722260814165267999999999999999999999999999999999999999999999999999999999999999999999999999999999999999999999999999999999999999999999999999999999999999999999999999999999999999999999999999999999999999999999999999999999999999999999999999999999999999999999999999999999999999999999999999999999999999999999999999999999999999999999999999999999999999999999999999999999999999999999999999999999999999999999999999999999999999999999999999999999999999999999999999999999999999999999999999998

258 2048 123399 61659
0.189499073249140227601402039762088618103737793548012195545225940204778192138634220576697259507582752943963931521195893977386474377769270592357720812274961958062043148242535249150175037580073751193734101916193124034646729863277594358913029481727641019814096317858325507816032618395797497281105511987229992902885041364050576954022186718481374832154563779042301919063749934463535496086571230269938919493945642660744938344606563396811121062225388035731989297390199941015145096237180532625792122030861319655972855747778930135018864594455721636402569702879581517414322259941308193737605097463056093316492250271045980378055741
-0.638002725965137803205273734660995708135771647456998237843792422270805686092658985852066057061258001701609701775399963166687784219117619211037278140929586143728669406250845482645466878677268806813660067369116092944738991991614868443111444611810200688129996813587792063271147028142995200819880466667195264318319254949874097267351751269608950153274260767000901078601904277133965508120763724605743871789999570463070466612327747118798297436664896379139061486473861937977484543957338540908030718006469871420255360632624662587175713550163946624118924244644578882820343170737082857756302066071817943998145357543614460744822607
1.23319112575986073436755621929259653360091767509321926663720131294558932566408522900385820119088722334481740169210983516632257282503337478258987316782591721602703313117238339817280578152355765738297187506932378406616498814725841221096070169213412092023978192829463924845916062088614901608184323420835719456285749022921799443923523419496548420854534974238184498601399123062750901347189216019750193546148480419576044814671300758669333288991251805789295658206201332591274348181037693360194242660209661160429859254500852345112356334707684714389394128637927117573909381815391684518778990829583981927222510362186519018148325
0.24468219275156456082756166967016065805379004719283826701711736472566593929094240064605762124037366147031549650038825479656441953240756238751046570494416958684483671659955688272657188398589482426865055433595072709689535634039508346123944688099354304743738155121905306957832393733739658802942091169512070956568285249893805740888313157607984561762044732277195604541294985056602417952470405624117530802301499524285843445129617821126824867713932864107771983223119249731642690392545960707154796219895219074364198189331702420605959950840942610851980165949524581488575874712344849948567136210468067510258181184292776183437845
0.124458169666600375372742926643042803005819813036207546036313581152653422698865540616539647313966345599819072469865812726525269072416634052430942646303954986996564170567560577505348917026384504397493382775603330249887185640807333333146799533104947350992341396554811517630682313834120067604592310348847832473667686616146420815955748001036546078443623970402437256143534678126583421684628213943632312208102219985061967516756399511493913487644632705924050741616336183467396217927076969205786803244790367056608506129045008926461204593329403974215039117924755130377718119272362422967054713222905534589052395178193762986799396
0.328596279764641533635586561675310384306850247613999541946061116939025927584883987149493925842171450518665610158229544848196346629745611468380000730270550058190570202192173508826134352827727540097023215153909314798690142657295057212676421281542320599272637931250126236633272758790594787122697670564588651393883706971498552584221096772311714377223456760264406949763044469693486370328041491380521627078507560068059693002264427612289090162801048195349344280258435976233197862823729199192779791909772727884700055508879230854147990961777008748501110538216687563905051396080113243408920539235633630496968069208805502350116678
0.371470495045291147764021887544017848278923785334262047102647696025727017721342806010040279546669023611857309124394904233965049742796366383195458233202572936779445818290179217255902469456429958433001015627390172207199721994497757021572752250387260344591314149731157109546465827747177407972782059357989264135775016273176439717475438504628204867077484687968665308207117735002482710987625750143218268369512928008008792426029557438953679120711411243725914762777257011798664346453392175485638367901349864514350082105074928706910281262480704809352778730732728382982682061959189845782317297975704478737675309462543494977801892
0.14914745448554689803300612875932282291072790826811819446137603256238134087950789353867598590624810049426187830444457110897378142583436310322237444967753323350445056219558563705097982035270399040166588751582129462817802463177687018841934982631674483568524585206761671205597199839527784674333661519658915347274896720058650687174114375146158950357124370757674064852785251646020184949008543892027517127065299076654366529055643402997305408644167271055788870710250083468618304584277163898996626258425336053899855044149455477786320209558878805795071607732068959139416207520573531822300848788876683790268163623842361272530872
-0.420323979032522456630209687478780900601292953017033678864322973523589262341890190375209813258943666974256614354403412766722735227189551882158980367118786153703503247706183330672191138159925505474715509460265566589579416816347671888285363853326418232279245391335958265585644784836092632073255822369771253329385810898017890018859761259216224408678256183968050455533282934826723717643603169368272294845079094920199943963886235870373613305075390728714953672250069174974178287343283922073170422825907668953017049988761156126090592007441067923224364824399683184588076499365329139934414958567321504505653739486322381666805484
-0.129843102000223399020076426379016819449559904104930746650555249692579673531537727085228799606647359094024332835890698965007369100746565581271967094000068552527797395447593739432988246464117514375312535711960750175106529681849567985539999713941689227215654059714856674508611572284429337797436138688178341899906627340631634182481125184633012467495681785156442106638333158676126768713657056376257818859951976203473177743215712730490951723364051568083675205517464908753544263076948190860315825059059693934609566913341571683110666160994540565003142473994650298978690034544002637138514364472636830188772192526546686945171927
0.318172938532320067520241306631318973911834654602070940456819969936331927091749742137737892068969057947221789942393965160297334480371322131459537945453485636997072825209854019923864966553487907191411389555621866644600852164214403718252199972835766962876446794400299510445012391343649567066205518655974778083191421257326260777231741009727668120826642449682383438860327661038958079225351813141820164489764919281046439435024303717068062485357745350251895232902225211567155121684672659485782106242711012275996593428819074894777468274436198485287059598222017799141831449480529209294931903460761012482940513763860659836072079
0.138803252183140157274551974272169440553403407938830191267792105918825119453930686551854985982508004932991863083559258043558374378187676778682465246371887537705413534050726396747505904900050284375176715708182815751053047607206633011693576013942404368983249336159063823292702910518313372928244022008846780411956016786273905797021036897759105691960293797627128817666129687596067753576854619566276983176661223077893371129332967266374308320333593184629957632091321760406588610074778218743914672121782131994139126461632717447371664784344888498398865003754083394251932084013973257865878302034883746740471007765947133422590638
-0.254315579171874435045684798109696333514738802868329777228607889076878167526076584780826616491366231972502642491761829863822563280339835969381537177505653477678424811717027253578511068551004128498485045867156345097618534191562663888834928834257445625856813815228433015142599094031068430602543808862902990571203249850563494769654965857775928435846898676047446233131640831089129171995783868494768155282046524049881780920766305505675891068164538314682403995487028287995757759619176418124988837494032253474201908925493644072915265129894887564089017809501483465744245613668424038913112960159813741813795738651323991704822832
0.891293406298167318283083904092741381820617142475550650401987692445422286460804182223118692338232492276851012959301837707178758917920827200559579063590956199773944036843597800918964853583327014082315183760195816273710773013539126175723037581618388616183520315479973955953152951986412424724089776059220650507677305090096076729879097311773394071437466294858497507114077121843084798764746508690470310330369090239211120544778549840337152886754660526243450427149581875090409504379193846353781885848253051646403309234446483634591589047071574769353948326802470747779463900936257885049413856240730374905129573489059662660447603
-0.0939540178417531080321923868865334627711164021481220048979918792237011654804080261318849538983433231845620234934932310472119044961399901413200450779106758967980055843871509640118246564858610771504182431568441535717461385933974990168338847341391143221864026308109042745482691598173069341159955078611392184316214932831327485344769093614842394483775038661205635305088936393889814595711690729037993027147487085482691501883695153181036326242814607464428992966561005590683954765194683064584898267187139424423371201994046319038254569759577741889508551192770884754289818207623363132971111015765613923147453563675434642142870622
0.048205749562318267853698888020022923499850219042589727691496628413410860006280338550684699247774540213145285152152060094356164930485483063798726210763747989286058898904961917085841930619151839434705854468116428578054690045679446233357297305025808549453912262483654459152701985360474172831142874637917033092933954539660584167055223605879665883704449981493383290020944860872194947874836868191790431599272726221070455369544672158839738799818037959469750536820687324990924515076242666209227672690449540383547372829356838959290583592006368246519186816387030442627770615370600041456487263995805590977617894782022149233678526
0.358121540060386947496070976820619865336889622170827212293609721115502140757465862911856135430639191900565666069462166516150363977046966002142739120081689987974957891888560488302101982064091096733778039749775409715463910789696186618683221668857136912831043625620756327713335320897272712788221114613900996832005956600663643512410471767500392575720007189156397526002574031034984963909227547168045723602728436568131434841520082860532233399676691321081939088107249255249911448944882592856387781135504977604032258338851314114930446004347562648666240119783672795163641589753308636200009409172571388195599177247168626997788565
0.194032542412972306661656124951062259521054481314908245939653885697255740518399180749572967509968385354316297021976041037728583046817854895311946381503382213792815307725616944867688977374549333692362923054884898484631639473681638034689600993116214942877886611731008389415139459887854668643492128920635817274660884810338471403288087107973344613272192249529306276477003888230309945785252031275440022453247924861704337601392763087225546728891696327296914425955732077111556455155527688061182957335598253175519439825890462759480965420448182391659915709321688338018555048967052901048177050702734326340505559332998732171726781
0.306440193645079120543182243921691741326636287468601915881211147283095338186059884110754337425541798869196496431961771376080853971425072393518137442807642145037223189015025633275474995624846289169296648632973176151636471877644957063928071781409950466315309146932637337536760641208573215652472231477525118405370748195328673755817323199415729655870976765292877918310424717241406240104508319700533509599814110653285788399796946001971554635562983540812386600755467722436114452937399371006671624272947197571663047886954535732367601273968755150013662714561050128939818859282980179308001105400016237533970189810563575901583209
-0.00935929647578496736983089421491818170773391911780951854707273949804568636580400135365420393422400738564761296822582828734342548982416197972913854641295542572641375491564617832821545238018259192297991675150094724839745885565449084523407745476760377283649500926729749860058632877723005098519046290484533651053777408744133096528653433417757325098971972234064583495431960401614590011997580399738595984165991667008410829821111159879776380557209331358443109870205383845580203811171234190884169006009339958734218344629523208389469078516566779619606780697350240319638119974211209000741570344796652441511037162877625054210315731
0.102559270795028324815222660501521392023303309120882416741101356988781606897598735030786064320300091048423868292673789263027459564048785624957589391256493089635358467381481194797107566697544032892836450845751034318610746668952262894575885706358492901358343362499240984782648921423055281069862113254866370905566229941449958126715428653408440522422093536868680824143372106637249802446151037661576272586596718365892092085956647490228690241622684164923440447062917458667295165997660023775371654625593430852580064565242080517825094494394799359337062446920060698446595086368170331994740874176838981367417550456023166237326081

