0 128 -314 -409
0.5016107275087506661219610910625752847745
0.2053794693773130582781643894514145058544
0.9830447356573673255556397573787366115937
0.848096055444447809984550538992520281385
0.03297205789031008891535935831173436091929
0.6104014716714188457388741864045393333133
0.6432487132466257306116781803903092782615
0.8337453817201432173448748779557904863874
0.5047298006919444229502295018583393960109
0.4202810357459952306518219554179509411535
0.8487891678581598034778280942775066156698
0.8337348342000938913535944124832055640935
0.6727849332683238532304038866508633476569
0.8853364133016170441477916397254048722538
0.1526188920767861910142766893613289658277
0.385314891386463533335764144915586304435
0.4847077397903388031091315540629745608409
0.1370918607546611395550070028021834561313
0.631460609642019857836796853349206027761
0.2216805171168830904052442125062192544976
0.1688090882689481832494817848726225783469

222 128 6464 3211
0.2340930337510328632987326877683763525102
-0.2565722343168983643224977643173663408155
0.7787744272598036019688199813481341214503
0.3721194395253881062111551047923481333734
-0.2367258288855704226119804402054611413132
0.4988506332971886128141022323864781893021
0.04871330111976330155626095031166698825293
0.5290919461640345904773121877607242794022
0.9844916218946560944127988214698191670027
0.5623088419275146202023421254832950778099
0.1182175004142101691216584753564254667417
0.2751938368550485572418219614026641638013
0.02014961382973158922055827331729719353685
0.5815844921615509078105006799670318071621
0.004854556739458776605460609956446637921295
0.09932043095338651826666881794769625958967
0.2436381434685381268012047211061403102424
0.2597738491728193265903891035421128734916
0.2439012578000479565349798333731695678188
-0.0006649026372400607965421330483252794739486
0.1540312212424481326032996570792071169444

222 256 6390 3043
0.2340930337510328632987326877683763525102000000000000000000000000000000000209449
-0.256572234316898364322497764317366340815500000000000000000000000000000000050554
0.7787744272598036019688199813481341214502999999999999999999999999999999999936608
0.3721194395253881062111551047923481333734000000000000000000000000000000000133611
-0.2367258288855704226119804402054611413132000000000000000000000000000000001181439
0.4988506332971886128141022323864781893021000000000000000000000000000000000737962
0.04871330111976330155626095031166698825292999999999999999999999999999999999998979
0.5290919461640345904773121877607242794021999999999999999999999999999999999305365
0.9844916218946560944127988214698191670027000000000000000000000000000000000836922
0.5623088419275146202023421254832950778099000000000000000000000000000000000113984
0.118217500414210169121658475356425466741699999999999999999999999999999999759492
0.2751938368550485572418219614026641638013000000000000000000000000000000000197455
0.02014961382973158922055827331729719353684999999999999999999999999999999999730773
0.581584492161550907810500679967031807162100000000000000000000000000000000018529
0.004854556739458776605460609956446637921295000000000000000000000000000000000118379
0.09932043095338651826666881794769625958967000000000000000000000000000000000023743
0.2436381434685381268012047211061403102423999999999999999999999999999999999386255
0.2597738491728193265903891035421128734916000000000000000000000000000000002363946
0.2439012578000479565349798333731695678188000000000000000000000000000000000202816
-0.0006649026372400607965421330483252794739486000000000000000000000000000000000240717
0.1540312212424481326032996570792071169443999999999999999999999999999999999677756

242 256 12955 6329
0.234093033751032863298732687768373068440923118230928278880923536921462283034755
-0.2565722343168983643224977643174100640467718723264553738029311305178961373349998
0.7787744272598036019688199813481995070103934328166073438460885512318603073214889
0.3721194395253881062111551047923789625838358724588787307584753945494899051076169
-0.2367258288855704226119804402055182068904687023848569840667499176432948888843359
0.4988506332971886128141022323864606069709420079805276914417334566345074199640752
0.04871330111976330155626095031164009640167720399920882110711768851757682886436753
0.5290919461640345904773121877606913353167103703164256393662248914451418998373956
0.9844916218946560944127988214697849226814097469794360156216516314307749856301319
0.562308841927514620202342125483254990238679038405416674849643626851397389021865
0.1182175004142101691216584753563903147902639096059277014722797099152758345866332
0.275193836855048557241821961402727305398633010558332793583468775445269456925517
0.02014961382973158922055827331720211600516636440282478217792764743910551403174765
0.581584492161550907810500679967228166373750543150992057889992394633727717721272
0.004854556739458776605460609956452097432186172281922664876331473150336930414665414
0.09932043095338651826666881794765556221131787662274271043949444230576931596528528
0.2436381434685381268012047211061564845412755456282014508207182160578369581666438
0.2597738491728193265903891035421515751266330435472379278450632590740717288566215
0.2439012578000479565349798333732089340369224765645078945396393538984445778241739
-0.0006649026372400607965421330483267608547980026941999672423890808281708129256736347
0.1540312212424481326032996570791542049386490603315099835974738094896789766841975

242 512 13002 6415
0.234093033751032863298732687768373068440923118230928278880923536921462283034754999999999999999999999999999999999999999999999999999999999999999999964483473291
-0.256572234316898364322497764317410064046771872326455373802931130517896137334999799999999999999999999999999999999999999999999999999999999999999999999760638798
0.778774427259803601968819981348199507010393432816607343846088551231860307321488900000000000000000000000000000000000000000000000000000000000000000006559475651
0.372119439525388106211155104792378962583835872458878730758475394549489905107616899999999999999999999999999999999999999999999999999999999999999999999555372279
-0.236725828885570422611980440205518206890468702384856984066749917643294888884335900000000000000000000000000000000000000000000000000000000000000000135821396105
0.498850633297188612814102232386460606970942007980527691441733456634507419964075199999999999999999999999999999999999999999999999999999999999999999885653479812
0.0487133011197633015562609503116400964016772039992088211071176885175768288643675300000000000000000000000000000000000000000000000000000000000000000011794882434
0.529091946164034590477312187760691335316710370316425639366224891445141899837395600000000000000000000000000000000000000000000000000000000000000000274743993837
0.984491621894656094412798821469784922681409746979436015621651631430774985630131899999999999999999999999999999999999999999999999999999999999999999987777079068
0.562308841927514620202342125483254990238679038405416674849643626851397389021864999999999999999999999999999999999999999999999999999999999999999999992765413611
0.118217500414210169121658475356390314790263909605927701472279709915275834586633200000000000000000000000000000000000000000000000000000000000000000082105034542
0.275193836855048557241821961402727305398633010558332793583468775445269456925517000000000000000000000000000000000000000000000000000000000000000000010020630979
0.0201496138297315892205582733172021160051663644028247821779276474391055140317476499999999999999999999999999999999999999999999999999999999999999999997638753146
0.581584492161550907810500679967228166373750543150992057889992394633727717721271999999999999999999999999999999999999999999999999999999999999999999988724908159
0.0048545567394587766054606099564520974321861722819226648763314731503369304146654140000000000000000000000000000000000000000000000000000000000000000000665606116
0.09932043095338651826666881794765556221131787662274271043949444230576931596528527999999999999999999999999999999999999999999999999999999999999999998961175823
0.243638143468538126801204721106156484541275545628201450820718216057836958166643800000000000000000000000000000000000000000000000000000000000000000000439904387
0.259773849172819326590389103542151575126633043547237927845063259074071728856621500000000000000000000000000000000000000000000000000000000000000000040227228966
0.243901257800047956534979833373208934036922476564507894539639353898444577824173899999999999999999999999999999999999999999999999999999999999999999922608549346
-0.000664902637240060796542133048326760854798002694199967242389080828170812925673634699999999999999999999999999999999999999999999999999999999999999999985619019928
0.154031221242448132603299657079154204938649060331509983597473809489678976684197499999999999999999999999999999999999999999999999999999999999999999964628059479

261 512 25939 12839
0.234093033751032863298732687768373068440923118230928278880923536856929938386867050104109136285560706551473164220812860166472093343171043391249123483260493697
-0.256572234316898364322497764317410064046771872326455373802931130403329984176055706543240427168552381079539361857110420520613146811680250396984645981382169125
0.778774427259803601968819981348199507010393432816607343846088550925346256207264343117740503579401401964054806363408596402857488680709242699489968479716304152
0.372119439525388106211155104792378962583835872458878730758475394416785142071275848778832025764329577389449427953728321505856421361127762971593006773627732406
-0.23672582888557042261198044020551820689046870238485698406674991749702405728709515881078137461336182176419101347749810536930080446704087099487672713290159448
0.498850633297188612814102232386460606970942007980527691441733456621809603850661473929930593071972477987616815805394525262953965866436835045577509951151554865
0.0487133011197633015562609503116400964016772039992088211071176886321718609232621049007964933828751871039672947080306494325120884854950906746546232096641691692
0.529091946164034590477312187760691335316710370316425639366224891569866476043436677574977507561294391314454547675752766416150233159047338460042428351768198697
0.984491621894656094412798821469784922681409746979436015621651631549169264733417125969823757830495799247147308001580118272991599847443793314605362991020481054
0.562308841927514620202342125483254990238679038405416674849643626984923930861921874785633009461113225021913215203073216140186103206423812344425788663189586216
0.118217500414210169121658475356390314790263909605927701472279709819047577171687268693901784234560719013964599452098899252059865539233328318691510709954523317
0.275193836855048557241821961402727305398633010558332793583468775189763360165520465159872315508687346415490055890570072274645562175896666688719589955890805294
0.0201496138297315892205582733172021160051663644028247821779276478168618466148865652849452783411610578928624127516498443540069586643101071474415028296211241101
0.581584492161550907810500679967228166373750543150992057889992394040535739336482494349525367920524315791061638557036596605252996616383804423805998578186989869
0.00485455673945877660546060995645209743218617228192266487633147313379147671142320651175525399506656088662129334864458751403461700870994376509353213111059629113
0.09932043095338651826666881794765556221131787662274271043949444230219123272284848182096437940805488813423106929176403985526484005874597307877423873566160815
0.243638143468538126801204721106156484541275545628201450820718216032090039190167541568293617693251666518554046381004063085384084509568430042990298379338681355
0.259773849172819326590389103542151575126633043547237927845063258876586930809201077221872225662333729759041801062075692558668027460406606398694717586113563482
0.24390125780004795653497983337320893403692247656450789453963935382617053269890452509696288607990585194800072093604471108459583120315408205132160332681729685
-0.000664902637240060796542133048326760854798002694199967242389080821550294702867113561473934592347768579693411312761298523721453311733110802691330112843157118641
0.15403122124244813260329965707915420493864906033150998359747380978451155928174548785338082574880163221986577364187279193980867007986311527199384944104366987

261 2048 25935 12820
0.234093033751032863298732687768373068440923118230928278880923536856929938386867050104109136285560706551473164220812860166472093343171043391249123483260493696999999999999999999999999999999999999999999999999999999999999999999999999999999999999999999999999999999999999999999999999999999999999999999999999999999999999999999999999999999999999999999999999999999999999999999999999999999999999999999999999999999999999999999999999999999999999999999999999999999999999999999999999999999999999999999999999999999999999999999999999999999999999999999999999999999999999999999999999999999999999999999999999999999999999999999999999999996
-0.256572234316898364322497764317410064046771872326455373802931130403329984176055706543240427168552381079539361857110420520613146811680250396984645981382169125000000000000000000000000000000000000000000000000000000000000000000000000000000000000000000000000000000000000000000000000000000000000000000000000000000000000000000000000000000000000000000000000000000000000000000000000000000000000000000000000000000000000000000000000000000000000000000000000000000000000000000000000000000000000000000000000000000000000000000000000000000000000000000000000000000000000000000000000000000000000000000000000000000000000000000000000000003
0.778774427259803601968819981348199507010393432816607343846088550925346256207264343117740503579401401964054806363408596402857488680709242699489968479716304152000000000000000000000000000000000000000000000000000000000000000000000000000000000000000000000000000000000000000000000000000000000000000000000000000000000000000000000000000000000000000000000000000000000000000000000000000000000000000000000000000000000000000000000000000000000000000000000000000000000000000000000000000000000000000000000000000000000000000000000000000000000000000000000000000000000000000000000000000000000000000000000000000000000000000000000000000009
0.372119439525388106211155104792378962583835872458878730758475394416785142071275848778832025764329577389449427953728321505856421361127762971593006773627732406000000000000000000000000000000000000000000000000000000000000000000000000000000000000000000000000000000000000000000000000000000000000000000000000000000000000000000000000000000000000000000000000000000000000000000000000000000000000000000000000000000000000000000000000000000000000000000000000000000000000000000000000000000000000000000000000000000000000000000000000000000000000000000000000000000000000000000000000000000000000000000000000000000000000000000000000000003
-0.236725828885570422611980440205518206890468702384856984066749917497024057287095158810781374613361821764191013477498105369300804467040870994876727132901594479999999999999999999999999999999999999999999999999999999999999999999999999999999999999999999999999999999999999999999999999999999999999999999999999999999999999999999999999999999999999999999999999999999999999999999999999999999999999999999999999999999999999999999999999999999999999999999999999999999999999999999999999999999999999999999999999999999999999999999999999999999999999999999999999999999999999999999999999999999999999999999999999999999999999999999999999999997
0.498850633297188612814102232386460606970942007980527691441733456621809603850661473929930593071972477987616815805394525262953965866436835045577509951151554864999999999999999999999999999999999999999999999999999999999999999999999999999999999999999999999999999999999999999999999999999999999999999999999999999999999999999999999999999999999999999999999999999999999999999999999999999999999999999999999999999999999999999999999999999999999999999999999999999999999999999999999999999999999999999999999999999999999999999999999999999999999999999999999999999999999999999999999999999999999999999999999999999999999999999999999999999996
0.0487133011197633015562609503116400964016772039992088211071176886321718609232621049007964933828751871039672947080306494325120884854950906746546232096641691692
0.529091946164034590477312187760691335316710370316425639366224891569866476043436677574977507561294391314454547675752766416150233159047338460042428351768198697000000000000000000000000000000000000000000000000000000000000000000000000000000000000000000000000000000000000000000000000000000000000000000000000000000000000000000000000000000000000000000000000000000000000000000000000000000000000000000000000000000000000000000000000000000000000000000000000000000000000000000000000000000000000000000000000000000000000000000000000000000000000000000000000000000000000000000000000000000000000000000000000000000000000000000000000000011
0.984491621894656094412798821469784922681409746979436015621651631549169264733417125969823757830495799247147308001580118272991599847443793314605362991020481054000000000000000000000000000000000000000000000000000000000000000000000000000000000000000000000000000000000000000000000000000000000000000000000000000000000000000000000000000000000000000000000000000000000000000000000000000000000000000000000000000000000000000000000000000000000000000000000000000000000000000000000000000000000000000000000000000000000000000000000000000000000000000000000000000000000000000000000000000000000000000000000000000000000000000000000000000006
0.562308841927514620202342125483254990238679038405416674849643626984923930861921874785633009461113225021913215203073216140186103206423812344425788663189586216000000000000000000000000000000000000000000000000000000000000000000000000000000000000000000000000000000000000000000000000000000000000000000000000000000000000000000000000000000000000000000000000000000000000000000000000000000000000000000000000000000000000000000000000000000000000000000000000000000000000000000000000000000000000000000000000000000000000000000000000000000000000000000000000000000000000000000000000000000000000000000000000000000000000000000000000000004
0.118217500414210169121658475356390314790263909605927701472279709819047577171687268693901784234560719013964599452098899252059865539233328318691510709954523316999999999999999999999999999999999999999999999999999999999999999999999999999999999999999999999999999999999999999999999999999999999999999999999999999999999999999999999999999999999999999999999999999999999999999999999999999999999999999999999999999999999999999999999999999999999999999999999999999999999999999999999999999999999999999999999999999999999999999999999999999999999999999999999999999999999999999999999999999999999999999999999999999999999999999999999999999999
0.275193836855048557241821961402727305398633010558332793583468775189763360165520465159872315508687346415490055890570072274645562175896666688719589955890805293999999999999999999999999999999999999999999999999999999999999999999999999999999999999999999999999999999999999999999999999999999999999999999999999999999999999999999999999999999999999999999999999999999999999999999999999999999999999999999999999999999999999999999999999999999999999999999999999999999999999999999999999999999999999999999999999999999999999999999999999999999999999999999999999999999999999999999999999999999999999999999999999999999999999999999999999999996
0.0201496138297315892205582733172021160051663644028247821779276478168618466148865652849452783411610578928624127516498443540069586643101071474415028296211241100999999999999999999999999999999999999999999999999999999999999999999999999999999999999999999999999999999999999999999999999999999999999999999999999999999999999999999999999999999999999999999999999999999999999999999999999999999999999999999999999999999999999999999999999999999999999999999999999999999999999999999999999999999999999999999999999999999999999999999999999999999999999999999999999999999999999999999999999999999999999999999999999999999999999999999999999999997
0.581584492161550907810500679967228166373750543150992057889992394040535739336482494349525367920524315791061638557036596605252996616383804423805998578186989868999999999999999999999999999999999999999999999999999999999999999999999999999999999999999999999999999999999999999999999999999999999999999999999999999999999999999999999999999999999999999999999999999999999999999999999999999999999999999999999999999999999999999999999999999999999999999999999999999999999999999999999999999999999999999999999999999999999999999999999999999999999999999999999999999999999999999999999999999999999999999999999999999999999999999999999999999999
0.00485455673945877660546060995645209743218617228192266487633147313379147671142320651175525399506656088662129334864458751403461700870994376509353213111059629112999999999999999999999999999999999999999999999999999999999999999999999999999999999999999999999999999999999999999999999999999999999999999999999999999999999999999999999999999999999999999999999999999999999999999999999999999999999999999999999999999999999999999999999999999999999999999999999999999999999999999999999999999999999999999999999999999999999999999999999999999999999999999999999999999999999999999999999999999999999999999999999999999999999999999999999999999995
0.0993204309533865182666688179476555622113178766227427104394944423021912327228484818209643794080548881342310692917640398552648400587459730787742387356616081499999999999999999999999999999999999999999999999999999999999999999999999999999999999999999999999999999999999999999999999999999999999999999999999999999999999999999999999999999999999999999999999999999999999999999999999999999999999999999999999999999999999999999999999999999999999999999999999999999999999999999999999999999999999999999999999999999999999999999999999999999999999999999999999999999999999999999999999999999999999999999999999999999999999999999999999999999987
0.243638143468538126801204721106156484541275545628201450820718216032090039190167541568293617693251666518554046381004063085384084509568430042990298379338681355
0.259773849172819326590389103542151575126633043547237927845063258876586930809201077221872225662333729759041801062075692558668027460406606398694717586113563481999999999999999999999999999999999999999999999999999999999999999999999999999999999999999999999999999999999999999999999999999999999999999999999999999999999999999999999999999999999999999999999999999999999999999999999999999999999999999999999999999999999999999999999999999999999999999999999999999999999999999999999999999999999999999999999999999999999999999999999999999999999999999999999999999999999999999999999999999999999999999999999999999999999999999999999999999994
0.243901257800047956534979833373208934036922476564507894539639353826170532698904525096962886079905851948000720936044711084595831203154082051321603326817296850000000000000000000000000000000000000000000000000000000000000000000000000000000000000000000000000000000000000000000000000000000000000000000000000000000000000000000000000000000000000000000000000000000000000000000000000000000000000000000000000000000000000000000000000000000000000000000000000000000000000000000000000000000000000000000000000000000000000000000000000000000000000000000000000000000000000000000000000000000000000000000000000000000000000000000000000000004
-0.000664902637240060796542133048326760854798002694199967242389080821550294702867113561473934592347768579693411312761298523721453311733110802691330112843157118640999999999999999999999999999999999999999999999999999999999999999999999999999999999999999999999999999999999999999999999999999999999999999999999999999999999999999999999999999999999999999999999999999999999999999999999999999999999999999999999999999999999999999999999999999999999999999999999999999999999999999999999999999999999999999999999999999999999999999999999999999999999999999999999999999999999999999999999999999999999999999999999999999999999999999999999999999991
0.15403122124244813260329965707915420493864906033150998359747380978451155928174548785338082574880163221986577364187279193980867007986311527199384944104366987

283 2048 123293 61526
0.234093033751032863298732687768373068440923118230928278880923536856929938386867050104109136285560706551473164220812860166472093338322980361162222160729503152174534988257920380357170089466072226592444283997873588157629131239738220329858982417781370563641291058739409015153165391804623557659749633060435129775514044923605179950253796312870259386943532290489854035068902794411306352871430687021622534969028501593275818436833458611513093630747685812347593042807354857847508739748439181902684275156895707420041454613628065449090031091991558082760167027882064684779628357946558577484160828278419566647101406266521735530007937
-0.256572234316898364322497764317410064046771872326455373802931130403329984176055706543240427168552381079539361857110420520613146817717656434005964313708285746612622924054151213465555768597490545622002661962624672907751226344241935814248680265227267069234508652413655838995788643779456614714736563876871970831507682186649455224296055398457984795116480489791496195721482200255326674359530849219234247162713319901246006982056752121454128249177351820682155555625834697688595629763623405905027460416301365430876498134916952125878807970512331422570647500090593078779660158540488080649822799059077066192360657043707523862524051
0.778774427259803601968819981348199507010393432816607343846088550925346256207264343117740503579401401964054806363408596402857488686538497205122265437413826740877174524286464988469339438307908648238016084264328942319985210042237480448636885586280638963272833214883986761224712560290978727100932319299670616930791808495787138725763666290951206403988460004414028043208835393830389133729650014414407439088964827871148301561743541399252676336467794846723846694606515730313640588799607569618261120899920421616591511616809070527725140965190838366458564694954107396674224080360525088169768248882741915152938068577503477971968391
0.37211943952538810621115510479237896258383587245887873075847539441678514207127584877883202576432957738944942795372832150585642136145668192276758150368150402944831437654791773768659143726495480203337932322338685079147499796981757085568063236782596384136842419229576669053151839693791494229683424871775183722843578764245390656282185976133900797450885214335948974523773822316920093145430516410569737641332243507074447006955033693662244949080945307141641624444638360304791175316532786000171258943309403103571374085883121840629819097897047009598297056132811571016290527956165362842998293585609697624616642486009764969098273
-0.236725828885570422611980440205518206890468702384856984066749917497024057287095158810781374613361821764191013477498105369300804466297730719317725490855953964679162855116790315555432225325261291864774798347446074905479636257484540956061500918229826652557430604242469523670566991233269016619024970036863975538739080486585557011410798578836212366195531609202345979066259045814107597054039525747019037172325252786650653919128766479975918644173409308802233506605103677612425174579393897252003687301686097039601037101994917678060374867720928360066849532052093406541230727048241735097060835638708180289177978816806748104942232
0.498850633297188612814102232386460606970942007980527691441733456621809603850661473929930593071972477987616815805394525262953965864314607831365987295315656332321885847896208262057574753489392828254053372899371638430379445145815188132543597758377943014413275221134876796204966585176053836911547991642577790270160257923522767979178992825954277890850320774154639428803422303263826116511321938773900455922603233397474924278165757585480196221152092911663055012168542047230441650629601378611954582427206323101918425769284749664435832974337505625303874678016679836964327239356593953912525353602253257935795047630831862365620442
0.0487133011197633015562609503116400964016772039992088211071176886321718609232621049007964933828751871039672947080306494325120884838082331986154755391918842093893241485972644037298532108025032829818011539848965160145657307107374843442545244639777797922534495924783898142825117733129923252387949836444688303491848577709385639196515337779423245367398360406071563374402883606841460475260171021529335541629375426441762092070686301074107120287887607365077455099615141513863257826668826899293870304791897786976550922923766438931440179539731576650374935216410297321937943404338383637097069414822056683464702487327019307583597483
0.529091946164034590477312187760691335316710370316425639366224891569866476043436677574977507561294391314454547675752766416150233157271486846160178533313450229380428111008323460483884090198795645230769691042269868560075246143537862579549782814003122885589555026170916919738296948891875024464173021179566216368810059303794639901915365343390577654969166231406028647142179900533739935429963880410670477000847514238887397411435738257022732782683889978238072879007296451154599770889036120599140324324093334037831740796861515920370563959082651543596557301415979911096772085534126707001048156868958839753695330944034074336609992
0.984491621894656094412798821469784922681409746979436015621651631549169264733417125969823757830495799247147308001580118272991599845967101226585031408418930617157524548190511253661658345073534462071027215679182529320021010498039377116610837050873554283740208207591942471414968891058779699354452435151779328970271651066888268930830198756485557754237694870243835741431567198133692671208469542133001993242016394559983041483964220364026705360079734483646327818141094741486331530910940937325233886392148918020252587898268410096480632159727759742810643856979030957495621117475469185407082397083689001775421242211964536496020338
0.562308841927514620202342125483254990238679038405416674849643626984923930861921874785633009461113225021913215203073216140186103204776999762744650439896205457774529590767159271724324466906628487647224239680367021135719346605403188510510182528238756147750788509706518346166833575561975836379350612240095824540928489304186318134884004529207830388965474408249820500016445538731765777847868474187408594449057633266714387124568541125348829916515270829022325812107946279516204178086245884288107721187614644279721467060350966699467616578214252013779334892838986572402929500820103955360106527061810279603588073176792094111844152
0.11821750041421016912165847535639031479026390960592770147227970981904757717168726869390178423456071901396459945209889925205986553181675743338074956063636335975412045431407665004636176062959064768705804338425790017471964989826685153637255468024171553425200420993398566519321931034826870007402270037384119282642579566786566999896739395796078050522360429737752308157807957041665840723538188363070504987094527787393589252077960236142335416919843947367589266949770546162041061087332585373933637158816398342807648931733130246841646047914302029853941323623777368552417027872391121965114248124160071591837335897653245797253259
0.275193836855048557241821961402727305398633010558332793583468775189763360165520465159872315508687346415490055890570072274645562180855330515628430090301815149442098544977746007257670910800135676671269494108327241517622640696874191874414220099937920244960466727991227383630049389662976248731107636334061900992960524668600507846183343682471337909417298508940362688805956008041166226086978039688392995098065458618529603454717653088200439863591049363732267843730814151834337028485956775501603463547693395964358242296565326431704965167446081915736675390346300139202243490062526051816752062709675950483262892044104143194607115
0.0201496138297315892205582733172021160051663644028247821779276478168618466148865652849452783411610578928624127516498443540069586596561149856007242932821594805379315204968431506413379912369733944676124244103140145288779075021815556385647276345499235736920142725595969517236635946859769108193270296237663661983634212482308607927052475877301886214610584345486804841021620053686252386540433048389807996069447052813889046908690418412480267123746897941071791238781388098418597078892861316378771385369593082448882047541276584927536185707829884796810077456516900331185354135464235319454003319417741984702338769057549458461505061
0.581584492161550907810500679967228166373750543150992057889992394040535739336482494349525367920524315791061638557036596605252996619074094709615222226806888885252368044208366236277521238377535483897380088521483589902107572761517017795511369731686683328332648191765012272455697707391097455256943495400515134993677139245611668036555412099521416163639114482280188215522703818481159741517512362072583514967043112328602720063179383803711194838808211129739569001081617364401985295540856073120228875635028755529479791813377538936896767488825395336455350781682096141901052077543055187469063066376559187289112076715209042540956749
0.00485455673945877660546060995645209743218617228192266487633147313379147671142320651175525399506656088662129334864458751403461700859770235577487382897277312501348143600296795577710809895576479727667994957561725387667222914116038315513712785358375731876286659775017772699736999791168068511859913826781540498857311916969129332558860267231627680025892427685324552999109859769239038650608440976933764045700144589754287927045431890541698441602761023874509136181172421230140735721057516600095415069215455683319727181859817367022818829380251396958755284608214000025399874012408400911764205773038994783901779535839941044575265164
0.0993204309533865182666688179476555622113178766227427104394944423021912327228484818209643794080548881342310692917640398552648400556053583445945829979250012508177019741391028465694966091851985975848068087541646028451234576351387069941061045641255324260719006190607279895656536382188182745459832991098108955867591578193978578347311915096280245148768787261386356139242860770987488169455838840043331806803110443648017316078281064609866429191854966249423395072231754229601468133424339535489409594188353304798672848344238229542802580520541778657711886152439646282957624880909652489850354416721301793858381458314656631693976182
0.243638143468538126801204721106156484541275545628201450820718216032090039190167541568293617693251666518554046381004063085384084512054318077357562702725781252019728222286487069758210389948460427915902458952731453235274090496632546208113468166192837834049794617060933527563701941474305229956095666571544254843743825328580838027757066901758398164447703127154220978970095183743664828618651039110240310605268628124540424715015646323415072328757828459268045336887440601731581787606725744619773480343087711234538433725247145204622746149120061128491338349067401356495721103669599535219991579982332924263357191179025868041076623
0.259773849172819326590389103542151575126633043547237927845063258876586930809201077221872225662333729759041801062075692558668027456626812438653463735349054826406173650076586341874939774955993653823939510716240114997448228348210609534401416052465617534867617983773190134455788688236714291010965540674656762948993501407001507002011178567078322274574594721869119669421114112788183634671859010095283004727571555011080482871182924014064925156677968983901262952512442793821327826430715903966341299952416028904247796257269064798769503267834513788389995371142218051935986430964553054230485569778292111076996790534328058499939118
0.24390125780004795653497983337320893403692247656450789453963935382617053269890452509696288607990585194800072093604471108459583120556080980862694585399000428271894927235012286708025686380442791718722730514355448935807016340190341425582437859422853322089504097321037356724497272741569165926403746436985143561513654300221367842704515229530220445059876015463354167298973526908571459360910468485139705719514924552961895847293049050063257305992086611718316819988416349206529929014170981927421591612308636657003926279549081578445054432765430466948597906805439617354161582755052765831755426594903206378233054919857909123141475
-0.000664902637240060796542133048326760854798002694199967242389080821550294702867113561473934592347768579693411312761298523721453311693366544876825921908712832042468976919334797245912654781802426198790514921126474881408949959458496836656627655479695824533664314949829978252983525655514014811190455683378240551278566048802678880411942929055298961638180955610722410419109811259840856425103303726740123564528487025271881803061390673108947309872459457385302090830204402796606650995860906321034201451543002178372096131937498367385228417006409350220819089640386809782217010002795212309859562054119231324961322158728790814919890181
0.154031221242448132603299657079154204938649060331509983597473809784511559281745487853380825748801632219865773641872791939808670081846067875644270631918871220079915858067035671963009016887721829686914431354435814445493010077573219844211260278467174808649310121844604759422866530309984560034108484957514891556645538491608797588867353655288349557140244225815204475113879168543528982579904685665486570356228013995230284136104223374009733845330299272090486094322982092218250933474275484911762545614117564989679318519506649625262176620343351898082317686132406599513131159727149715556792704672331952816438645415330109873091798

