0 64 -377 -454
0.642521817952668938823
0.0715237753959859223762
0.0894988207780358646648
0.274747105667867919099
0.787521322760936115515
0.278209383015872280254
0.406939397499960942017
0.0442519505292097228843
0.187206558936980294039
0.713705892278376996529
0.511076980622443111102
0.834286808188745121484
0.966046911888354675746
0.617034384961252624358
0.217177201619381254893
0.873948056609702983444
0.764549728180733079164
0.0680394198420487678058
0.0480909602984087025668
0.923614446158733115588
0.687938021637102159467

205 64 3133 1532
0.263417010673510587626
0.267010794702299991688
-0.171365322120234531145
-0.106283494965259101006
0.329619840363268745698
0.770337077438141171193
0.794386014012826491282
1.84559140002844590533
-1.92916206875018980682
0.045584711433411868875
0.316020098304767349529
1.01453055072070164044
-0.160375179777740989318
0.0298228707316255843562
-0.199998339979352429685
0.186201211068401678572
0.602368051770132528766
-0.246395753940890832601
0.537951788898041405318
0.367530671765507022108
-0.447655969561191746653

205 128 3145 1462
0.2634170106735105876260000000000000000026
0.2670107947022999916880000000000000000453
-0.1713653221202345311450000000000000000071
-0.1062834949652591010059999999999999999992
0.3296198403632687456979999999999999999846
0.7703370774381411711929999999999999999918
0.794386014012826491282000000000000000003
1.845591400028445905329999999999999999748
-1.929162068750189806820000000000000000013
0.0455847114334118688750000000000000000002
0.3160200983047673495289999999999999999688
1.014530550720701640440000000000000000343
-0.1603751797777409893180000000000000000423
0.02982287073162558435620000000000000000271
-0.1999983399793524296850000000000000000005
0.1862012110684016785720000000000000000106
0.6023680517701325287660000000000000000003
-0.2463957539408908326010000000000000000035
0.5379517888980414053180000000000000000029
0.3675306717655070221080000000000000000339
-0.447655969561191746652999999999999999997

224 128 6435 3116
0.2634170106735105634422465804317776825707
0.2670107947023001999131257221299734577284
-0.1713653221202347126906015366818235662221
-0.1062834949652591193650006515852417230628
0.3296198403632684289989621757346052552452
0.770337077438140478715928016146557808264
0.794386014012826813420682654178199408789
1.845591400028445859903653020413265561698
-1.929162068750189758384022924004528434244
0.04558471143341207474041621017286720711198
0.3160200983047666260469325839157044305482
1.014530550720701112777456324117003362132
-0.1603751797777411628762714895569388500803
0.02982287073162577315822153582663346939871
-0.1999983399793523491063389543024540269211
0.1862012110684022662638332016908055519064
0.6023680517701331512906613471390017480844
-0.246395753940891862879014978377793289113
0.5379517888980407827651305212618895556076
0.3675306717655069001649879498654091198786
-0.4476559695611912376055980415793111456201

224 256 6327 3043
0.2634170106735105634422465804317776825706999999999999999999999999999999999784113
0.2670107947023001999131257221299734577283999999999999999999999999999999999736947
-0.1713653221202347126906015366818235662221000000000000000000000000000000000048188
-0.106283494965259119365000651585241723062800000000000000000000000000000000000728
0.3296198403632684289989621757346052552452000000000000000000000000000000000115585
0.7703370774381404787159280161465578082639999999999999999999999999999999999727308
0.7943860140128268134206826541781994087890000000000000000000000000000000000204891
1.845591400028445859903653020413265561697999999999999999999999999999999999606521
-1.929162068750189758384022924004528434244000000000000000000000000000000000009888
0.04558471143341207474041621017286720711197999999999999999999999999999999999915677
0.3160200983047666260469325839157044305481999999999999999999999999999999999945686
1.014530550720701112777456324117003362131999999999999999999999999999999999878702
-0.1603751797777411628762714895569388500802999999999999999999999999999999998727172
0.02982287073162577315822153582663346939870999999999999999999999999999999999533509
-0.1999983399793523491063389543024540269210999999999999999999999999999999999972054
0.1862012110684022662638332016908055519063999999999999999999999999999999999829386
0.6023680517701331512906613471390017480843999999999999999999999999999999999685501
-0.246395753940891862879014978377793289112999999999999999999999999999999999881993
0.5379517888980407827651305212618895556075999999999999999999999999999999999023708
0.3675306717655069001649879498654091198785999999999999999999999999999999999983539
-0.4476559695611912376055980415793111456200999999999999999999999999999999999786487

243 256 12891 6374
0.2634170106735105634422465804317395785327381371156053700730075440961640835411847
0.2670107947023001999131257221299392865626053178467266469013589046129173880931416
-0.1713653221202347126906015366818085242236760005265609857308365607401297895402896
-0.106283494965259119365000651585263175492872438988034011417209587679698898931484
0.3296198403632684289989621757346196482762506762444574081152842080578227728346343
0.7703370774381404787159280161466160389091617819505503709885740151268313763041941
0.794386014012826813420682654178149597415211985686263489208582656896489365526997
1.845591400028445859903653020413271466802367953894317848322999295574323262151894
-1.929162068750189758384022924004547497641996614103344463503336665646693222941048
0.04558471143341207474041621017288367459425500126764951278273890486567598248398341
0.316020098304766626046932583915749284137669284719923545665476513521132884555054
1.014530550720701112777456324117026089744496132123560706322299155983658088003147
-0.16037517977774116287627148955695864548514394027750144019108719028971578706749
0.02982287073162577315822153582663989112976239911881243641470356075701147472098003
-0.1999983399793523491063389543024566195267838756847952482113920394928572255428762
0.1862012110684022662638332016907209521183964089200406009969821492908957075817904
0.6023680517701331512906613471388724409541294407768281048296757562942254722739519
-0.2463957539408918628790149783776467192199279063661083697096887384237806746982981
0.5379517888980407827651305212619573663378940895372595708451600241054326670584244
0.3675306717655069001649879498654575548387458300055807642832810051867369481938991
-0.4476559695611912376055980415793615950292378628736006712454101964656763165840225

243 512 12886 6336
0.263417010673510563442246580431739578532738137115605370073007544096164083541184700000000000000000000000000000000000000000000000000000000000000000005783944131
0.267010794702300199913125722129939286562605317846726646901358904612917388093141599999999999999999999999999999999999999999999999999999999999999999845974441329
-0.171365322120234712690601536681808524223676000526560985730836560740129789540289600000000000000000000000000000000000000000000000000000000000000000007011737234
-0.106283494965259119365000651585263175492872438988034011417209587679698898931484000000000000000000000000000000000000000000000000000000000000000000039378810067
0.329619840363268428998962175734619648276250676244457408115284208057822772834634299999999999999999999999999999999999999999999999999999999999999999962416858712
0.770337077438140478715928016146616038909161781950550370988574015126831376304194100000000000000000000000000000000000000000000000000000000000000000004922141017
0.794386014012826813420682654178149597415211985686263489208582656896489365526997000000000000000000000000000000000000000000000000000000000000000000102300533706
1.84559140002844585990365302041327146680236795389431784832299929557432326215189400000000000000000000000000000000000000000000000000000000000000000000644557569
-1.92916206875018975838402292400454749764199661410334446350333666564669322294104799999999999999999999999999999999999999999999999999999999999999999965764792544
0.045584711433412074740416210172883674594255001267649512782738904865675982483983410000000000000000000000000000000000000000000000000000000000000000000612520177
0.316020098304766626046932583915749284137669284719923545665476513521132884555053999999999999999999999999999999999999999999999999999999999999999999781039997252
1.01453055072070111277745632411702608974449613212356070632229915598365808800314699999999999999999999999999999999999999999999999999999999999999999997619580503
-0.160375179777741162876271489556958645485143940277501440191087190289715787067490000000000000000000000000000000000000000000000000000000000000000000024031914061
0.0298228707316257731582215358266398911297623991188124364147035607570114747209800299999999999999999999999999999999999999999999999999999999999999999666154578899
-0.199998339979352349106338954302456619526783875684795248211392039492857225542876200000000000000000000000000000000000000000000000000000000000000000125369075096
0.186201211068402266263833201690720952118396408920040600996982149290895707581790400000000000000000000000000000000000000000000000000000000000000000002532601323
0.602368051770133151290661347138872440954129440776828104829675756294225472273951900000000000000000000000000000000000000000000000000000000000000000000005589672
-0.246395753940891862879014978377646719219927906366108369709688738423780674698298100000000000000000000000000000000000000000000000000000000000000000002662180799
0.537951788898040782765130521261957366337894089537259570845160024105432667058424400000000000000000000000000000000000000000000000000000000000000000015578865209
0.367530671765506900164987949865457554838745830005580764283281005186736948193899099999999999999999999999999999999999999999999999999999999999999999993433269377
-0.447655969561191237605598041579361595029237862873600671245410196465676316584022499999999999999999999999999999999999999999999999999999999999999999932963229469

266 512 25800 12833
0.263417010673510563442246580431739578532738137115605370073007544244199207831526403773164363240646747587384919464833742460888349460059918080755072841650827384
0.267010794702300199913125722129939286562605317846726646901358904634226681018200788652449549453079694272033161314944308073846316165620976524781332996003420124
-0.171365322120234712690601536681808524223676000526560985730836560706130217593267621644401775501300284533317925197042430031090515111337130073552246784074836057
-0.106283494965259119365000651585263175492872438988034011417209587760733015211003961055268859886415890150964395319659965157277645887529280418946834133563702979
0.32961984036326842899896217573461964827625067624445740811528420796908523580964264323830588404805465676633423137774346257419634165551102341524427181400102702
0.770337077438140478715928016146616038909161781950550370988574014874275044502659017627442698662198934235284374725690694872167781964790490420312254418655266493
0.794386014012826813420682654178149597415211985686263489208582656988253234347936380735853908618925263181355771474158362387099100216400949675270553751967067186
1.84559140002844585990365302041327146680236795389431784832299929561385190723754876769026600044585445537002423962200628505607646222118669925799302279610117445
-1.92916206875018975838402292400454749764199661410334446350333666558102997335757532845297141714706468415839593117523526725822696137485534337239539018079078889
0.0455847114334120747404162101728836745942550012676495127827389048056025982886274865193954388883309849676332731289487019062096591734938102861036083956970108113
0.31602009830476662604693258391574928413766928471992354566547651331337010913649062862595166462046076819380074296786592219268027890760750886093279040566163048
1.0145305507207011127774563241170260897444961321235607063222991557632921701852882474019666720496711073582688374722780033075832146540960254834106519009263938
-0.160375179777741162876271489556958645485143940277501440191087190358138270544994550009409008468847503393490074476495629234218166076650987000127017674562026967
0.0298228707316257731582215358266398911297623991188124364147035607714096278678877436611314460392937120508059638627684864742959378881586233847044061314675526711
-0.199998339979352349106338954302456619526783875684795248211392039489933636644672069679640774240578084209385469826416782740341265374915427751275366019274619792
0.186201211068402266263833201690720952118396408920040600996982149683273900560629970320061887260399350671954167715413641554455322063149988292024270519092909045
0.602368051770133151290661347138872440954129440776828104829675756489250234920267540727579381847548141242584957847004762724635295288391361861337706490816745308
-0.246395753940891862879014978377646719219927906366108369709688738840363223374506606922429321171509055663164153640814574484161846163018020521249052631349353365
0.537951788898040782765130521261957366337894089537259570845160023886854298287208145807817561754088711394748163362728154741339050363716813609227196263409610751
0.367530671765506900164987949865457554838745830005580764283281005081718729801862710907517104368590912527124412421772989352569189830097245129673647077145386674
-0.44765596956119123760559804157936159502923786287360067124541019630073394019546176084054661405911806017324754770610497388883701138225448689922111491915054113

266 2048 25818 12796
0.263417010673510563442246580431739578532738137115605370073007544244199207831526403773164363240646747587384919464833742460888349460059918080755072841650827384000000000000000000000000000000000000000000000000000000000000000000000000000000000000000000000000000000000000000000000000000000000000000000000000000000000000000000000000000000000000000000000000000000000000000000000000000000000000000000000000000000000000000000000000000000000000000000000000000000000000000000000000000000000000000000000000000000000000000000000000000000000000000000000000000000000000000000000000000000000000000000000000000000000000000000000000000007
0.267010794702300199913125722129939286562605317846726646901358904634226681018200788652449549453079694272033161314944308073846316165620976524781332996003420123999999999999999999999999999999999999999999999999999999999999999999999999999999999999999999999999999999999999999999999999999999999999999999999999999999999999999999999999999999999999999999999999999999999999999999999999999999999999999999999999999999999999999999999999999999999999999999999999999999999999999999999999999999999999999999999999999999999999999999999999999999999999999999999999999999999999999999999999999999999999999999999999999999999999999999999999999998
-0.171365322120234712690601536681808524223676000526560985730836560706130217593267621644401775501300284533317925197042430031090515111337130073552246784074836057000000000000000000000000000000000000000000000000000000000000000000000000000000000000000000000000000000000000000000000000000000000000000000000000000000000000000000000000000000000000000000000000000000000000000000000000000000000000000000000000000000000000000000000000000000000000000000000000000000000000000000000000000000000000000000000000000000000000000000000000000000000000000000000000000000000000000000000000000000000000000000000000000000000000000000000000000003
-0.106283494965259119365000651585263175492872438988034011417209587760733015211003961055268859886415890150964395319659965157277645887529280418946834133563702979000000000000000000000000000000000000000000000000000000000000000000000000000000000000000000000000000000000000000000000000000000000000000000000000000000000000000000000000000000000000000000000000000000000000000000000000000000000000000000000000000000000000000000000000000000000000000000000000000000000000000000000000000000000000000000000000000000000000000000000000000000000000000000000000000000000000000000000000000000000000000000000000000000000000000000000000000002
0.329619840363268428998962175734619648276250676244457408115284207969085235809642643238305884048054656766334231377743462574196341655511023415244271814001027020000000000000000000000000000000000000000000000000000000000000000000000000000000000000000000000000000000000000000000000000000000000000000000000000000000000000000000000000000000000000000000000000000000000000000000000000000000000000000000000000000000000000000000000000000000000000000000000000000000000000000000000000000000000000000000000000000000000000000000000000000000000000000000000000000000000000000000000000000000000000000000000000000000000000000000000000000008
0.770337077438140478715928016146616038909161781950550370988574014874275044502659017627442698662198934235284374725690694872167781964790490420312254418655266492999999999999999999999999999999999999999999999999999999999999999999999999999999999999999999999999999999999999999999999999999999999999999999999999999999999999999999999999999999999999999999999999999999999999999999999999999999999999999999999999999999999999999999999999999999999999999999999999999999999999999999999999999999999999999999999999999999999999999999999999999999999999999999999999999999999999999999999999999999999999999999999999999999999999999999999999999991
0.794386014012826813420682654178149597415211985686263489208582656988253234347936380735853908618925263181355771474158362387099100216400949675270553751967067185999999999999999999999999999999999999999999999999999999999999999999999999999999999999999999999999999999999999999999999999999999999999999999999999999999999999999999999999999999999999999999999999999999999999999999999999999999999999999999999999999999999999999999999999999999999999999999999999999999999999999999999999999999999999999999999999999999999999999999999999999999999999999999999999999999999999999999999999999999999999999999999999999999999999999999999999999999
1.84559140002844585990365302041327146680236795389431784832299929561385190723754876769026600044585445537002423962200628505607646222118669925799302279610117445
-1.92916206875018975838402292400454749764199661410334446350333666558102997335757532845297141714706468415839593117523526725822696137485534337239539018079078888999999999999999999999999999999999999999999999999999999999999999999999999999999999999999999999999999999999999999999999999999999999999999999999999999999999999999999999999999999999999999999999999999999999999999999999999999999999999999999999999999999999999999999999999999999999999999999999999999999999999999999999999999999999999999999999999999999999999999999999999999999999999999999999999999999999999999999999999999999999999999999999999999999999999999999999999999999
0.0455847114334120747404162101728836745942550012676495127827389048056025982886274865193954388883309849676332731289487019062096591734938102861036083956970108113000000000000000000000000000000000000000000000000000000000000000000000000000000000000000000000000000000000000000000000000000000000000000000000000000000000000000000000000000000000000000000000000000000000000000000000000000000000000000000000000000000000000000000000000000000000000000000000000000000000000000000000000000000000000000000000000000000000000000000000000000000000000000000000000000000000000000000000000000000000000000000000000000000000000000000000000000008
0.316020098304766626046932583915749284137669284719923545665476513313370109136490628625951664620460768193800742967865922192680278907607508860932790405661630479999999999999999999999999999999999999999999999999999999999999999999999999999999999999999999999999999999999999999999999999999999999999999999999999999999999999999999999999999999999999999999999999999999999999999999999999999999999999999999999999999999999999999999999999999999999999999999999999999999999999999999999999999999999999999999999999999999999999999999999999999999999999999999999999999999999999999999999999999999999999999999999999999999999999999999999999999998
1.01453055072070111277745632411702608974449613212356070632229915576329217018528824740196667204967110735826883747227800330758321465409602548341065190092639379999999999999999999999999999999999999999999999999999999999999999999999999999999999999999999999999999999999999999999999999999999999999999999999999999999999999999999999999999999999999999999999999999999999999999999999999999999999999999999999999999999999999999999999999999999999999999999999999999999999999999999999999999999999999999999999999999999999999999999999999999999999999999999999999999999999999999999999999999999999999999999999999999999999999999999999999999998
-0.160375179777741162876271489556958645485143940277501440191087190358138270544994550009409008468847503393490074476495629234218166076650987000127017674562026966999999999999999999999999999999999999999999999999999999999999999999999999999999999999999999999999999999999999999999999999999999999999999999999999999999999999999999999999999999999999999999999999999999999999999999999999999999999999999999999999999999999999999999999999999999999999999999999999999999999999999999999999999999999999999999999999999999999999999999999999999999999999999999999999999999999999999999999999999999999999999999999999999999999999999999999999999996
0.0298228707316257731582215358266398911297623991188124364147035607714096278678877436611314460392937120508059638627684864742959378881586233847044061314675526711000000000000000000000000000000000000000000000000000000000000000000000000000000000000000000000000000000000000000000000000000000000000000000000000000000000000000000000000000000000000000000000000000000000000000000000000000000000000000000000000000000000000000000000000000000000000000000000000000000000000000000000000000000000000000000000000000000000000000000000000000000000000000000000000000000000000000000000000000000000000000000000000000000000000000000000000000005
-0.199998339979352349106338954302456619526783875684795248211392039489933636644672069679640774240578084209385469826416782740341265374915427751275366019274619792000000000000000000000000000000000000000000000000000000000000000000000000000000000000000000000000000000000000000000000000000000000000000000000000000000000000000000000000000000000000000000000000000000000000000000000000000000000000000000000000000000000000000000000000000000000000000000000000000000000000000000000000000000000000000000000000000000000000000000000000000000000000000000000000000000000000000000000000000000000000000000000000000000000000000000000000000002
0.186201211068402266263833201690720952118396408920040600996982149683273900560629970320061887260399350671954167715413641554455322063149988292024270519092909045
0.602368051770133151290661347138872440954129440776828104829675756489250234920267540727579381847548141242584957847004762724635295288391361861337706490816745307999999999999999999999999999999999999999999999999999999999999999999999999999999999999999999999999999999999999999999999999999999999999999999999999999999999999999999999999999999999999999999999999999999999999999999999999999999999999999999999999999999999999999999999999999999999999999999999999999999999999999999999999999999999999999999999999999999999999999999999999999999999999999999999999999999999999999999999999999999999999999999999999999999999999999999999999999995
-0.246395753940891862879014978377646719219927906366108369709688738840363223374506606922429321171509055663164153640814574484161846163018020521249052631349353365
0.537951788898040782765130521261957366337894089537259570845160023886854298287208145807817561754088711394748163362728154741339050363716813609227196263409610751
0.367530671765506900164987949865457554838745830005580764283281005081718729801862710907517104368590912527124412421772989352569189830097245129673647077145386673999999999999999999999999999999999999999999999999999999999999999999999999999999999999999999999999999999999999999999999999999999999999999999999999999999999999999999999999999999999999999999999999999999999999999999999999999999999999999999999999999999999999999999999999999999999999999999999999999999999999999999999999999999999999999999999999999999999999999999999999999999999999999999999999999999999999999999999999999999999999999999999999999999999999999999999999999998
-0.44765596956119123760559804157936159502923786287360067124541019630073394019546176084054661405911806017324754770610497388883701138225448689922111491915054113

288 2048 123301 61545
0.263417010673510563442246580431739578532738137115605370073007544244199207831526403773164363240646747587384919464833742460888349461555545244993018229093668902688682136936782886617756216706624615090196745943624649465279679804939454940629480562248273924833449672957031155066993927110706655594709608430382388358684068630680113758751736675173454691438777752503163147809203304553887980802366923353704023173289903429855268207413287303502130410539756985595275066466631598904507723663800527900732116284884957711545484111169386780381001852843401034074334763822124980686314190252212779828164651135289361525763806051690372053900451
0.267010794702300199913125722129939286562605317846726646901358904634226681018200788652449549453079694272033161314944308073846316164999185300544702963396030805477336402399867743873918848633969862683551764729250185231857190773139551288120964061437373051149881539541366155845203079380491923420526247227616813654157988277044116480168181724981091784991682345274528264768224712072996576697527296550312318542792309946151087848637989585855082288927506179395683574032194750502841828441778948791190271981672532958874593121587973992190270403394523497305276018157300701448425867227819986371766366138224301310470358755518136252081652
-0.171365322120234712690601536681808524223676000526560985730836560706130217593267621644401775501300284533317925197042430031090515109379103502755346506910450909299351324656641036992827082380602677546307223995117648916333172392548983079674134852030169645321306914457023786817212099752895250425352996064256790459478578946107441862071338756945263115798146207057102657487133688786099286826231751847524036566577893639844689505982188778321587458172482674055260509751212164993495471066366069463853654874038827190015672551669182499775914958073035526845676337978511529389017802553040624356730515771017022972010984687401131028465094
-0.106283494965259119365000651585263175492872438988034011417209587760733015211003961055268859886415890150964395319659965157277645885286436606172697450563799917279728554420116583183258560824587769044394777249765419870584449997770562108616964106471593928667590091171707765542211051681757845805093363075820408610106748142600380399370385199771093031874146833715441505541517820100416323538377449620445345678236175380622347326681416469412968416776990263504673383402343905476318578283250294610423325941934072307814997771289402108408256486838478200876139020792457986712904787700404821632383391761886214513787460780515277970331363
0.329619840363268428998962175734619648276250676244457408115284207969085235809642643238305884048054656766334231377743462574196341653477272620386759526642195049684242345965047425192211500055220690582580455262966916819260395511315156410504528938416682302885764742939298103957506239674701771632982202236119785594545859873781840714416958399547376697933528835089944167527141063029211148562320446380589721057617790241147241662157430644873426609789337717308620050563309140767922978366243327526156264690293366777098194165226976781056349806098377753191301936323883884272775537227625694231316729654270945375565527023948445153731701
0.770337077438140478715928016146616038909161781950550370988574014874275044502659017627442698662198934235284374725690694872167781966668553550629576886884675905949744312149064026486637043500863311182304627751522418443981519321626161060247534678683498713068437009747153521763340139264243478517449053565687447065543947646298301615267171243530306380958702742553802664985543900557705076570874035824426020982608937635214570117656325571331497717996609012293258501723853848464162390439159513310982381758092528969475436858046229122862203301044350005348450318839621973478291813455555009550758403967549286918353418291723225420312165
0.794386014012826813420682654178149597415211985686263489208582656988253234347936380735853908618925263181355771474158362387099100216476989636182996263723913553139616830384647141152794365720367289816758354281776994739454741187501853321938101940817830331953529480693532132856858655197681932487699409078201117890611339707059553729268791345530214933976598439001352777305055551386323709380607930274793005109869183824165563802068301656993555186837862702486286291200299849523955452375137244911045626465348198566013176467742107240695985536986237239560523753873839134065554950556994643086012910880755581343063153876648314042924561
1.84559140002844585990365302041327146680236795389431784832299929561385190723754876769026600044585445537002423962200628505607646222112694402549073588336386087467423178931917466031792217538059319195612512356412676399397106301224614906349753973270509703985788692484658410701368383218539552869211885416715610613688532645908499494104678581909209400703714302424769710442883601267249693988214030060125106939195912787973224795258583558520702251610374203715211457361990673008495122487936694276616728099673056604263085856897075985364611761746698033972747463292712746070451680192462959094907848947181548945256271789885262903637873
-1.92916206875018975838402292400454749764199661410334446350333666558102997335757532845297141714706468415839593117523526725822696137492245914497119687908609127187142457732554114316592711600794081433745450630466450518796491302821046350907952093840570059770656170975068530896398811672737092496151482069160729835718369803813244209099843913345467324842386940819772516259914908011976244729196982162078743024529353673956626209106515203274545627527846089527750995449090093886524244772468681422186045426059809966155026513179377666427768283568485131018012130012243575120151787249193744429437254717483128504938338373317013111714705
0.045584711433412074740416210172883674594255001267649512782738904805602598288627486519395438888330984967633273128948701906209659171882267426209713597317015110668328875341554047254241442946112499855428372702101158869521951303610940250647966256579444011278887169536303765197231732714103529810901434104453338893349345713655567833020823774483139982689294497928241339166700811786344562104840431387502009278463169158597748265707372543928620598387571629353221476548763536821384651894211924110950879353287063074752023559200684102174498641521149370427089412944622708497104818453372810467895217370785121809586299285064241086063757
0.316020098304766626046932583915749284137669284719923545665476513313370109136490628625951664620460768193800742967865922192680278907120606721777261511819987538846191210738172776725846313149663824054989303266323126206218125874502761957842402983977105478670450567756596755585275349116447655227673190866714701706316304221848936732197940530518953573453352732137856692063198252088069761937577481956838480040722786111802758013133674496646443703520743633300963710345724663331783953792282390904987275085342136209872769375093228570708380858338213154308225756876070472392395838819865470655656060993865062532817113403176430876523352
1.01453055072070111277745632411702608974449613212356070632229915576329217018528824740196667204967110735826883747227800330758321465748076803273488049061983843461163914424863528468409837119432962197226729000678173024085907128112376844127028204473215999446218582417862144813713867310429693661087050376836715650871053693802319913606778674767537557531670076613708501215190310218316858049202243917819425786142702670485252029104166015229858232509347553988629887676947166052347585772251683824168859144113298352492435238937233971958591586972322855528261712309206940075853872045290253589378665800145021251524082869008142896307451
-0.160375179777741162876271489556958645485143940277501440191087190358138270544994550009409008468847503393490074476495629234218166076750139657149331449219078447231479562677135136596813089291773417476966564011674889451464838359999013003891044886985271495699695901802067524114039246899912212419320877792949293358686020538901479496606828423068470565988447820907282060434971301193614696652052360845601768911243896067006877513225747465572924687663906062779732772163613150325596701279459965324159507432112528638371843832523941985466411816056100094396168733894603623985661210065613088008487286963776283524933009169102625633429879
0.0298228707316257731582215358266398911297623991188124364147035607714096278678877436611314460392937120508059638627684864742959378869174087895198483528035290062572293664900513727202208530226754957494617288453976362416850182065540567405429100660383307400065106268393066871021707150293761424681815955302214337039909736950500174361086968373008046100464704026925167087272988529129136132527220991992034583158881707277595562434612348070307549260782819279293780030359271593724484262156409857764813720921225245437717643389993017844677174982060681752952423675427988303569032991294213665900502189524742021928487135186548260995071207
-0.19999833997935234910633895430245661952678387568479524821139203948993363664467206967964077424057808420938546982641678274034126537476864388688265890602427653248358015879972429753335244807489552429975175810682760323729737700218157413576455020776232471743945111697245736671054549035020852188740441237235399856033179431602067380776759569242666319282807608006017635250742890599053725903026965948863442730679408747740795703441082199040285626702859503833690781798751033290211153645098024959899773118648511564019704227094092808929560241021140979048991651361633507952217664833657628513100565098401319371597364644281006030567382
0.186201211068402266263833201690720952118396408920040600996982149683273900560629970320061887260399350671954167715413641554455322062805343341116278119523214932781161643929540299656421169158755382500426892067455705553566920637012848073507919183453448164315853092461632855212713850995496875359437566793863486850211182923403869777841758436283146176885022706176760519246881325750982660924291779578110024977547494585658366289698961092276376163083069152295309590504193163786809615293574752809186784681199264809987494558601267410412779078379540446385075720872687754724863507767694366500993414370372933714710201688896434243875281
0.602368051770133151290661347138872440954129440776828104829675756489250234920267540727579381847548141242584957847004762724635295282646318827322889044436455931490298377810303253219470421258211807813985971284866054718648169394922700040797549209663123263089990945347024496440040707603305056610900278094626881139548574265914209416145896126548889444423299902207804234707110725119632322894418354292013900744867405007889575628942726943588464531780114851618496478967702863136893495030180396834958154334181317998518151912926408860595155752036502972057717319244898629988884316917988500314771552164048856752502617131223984075115677
-0.246395753940891862879014978377646719219927906366108369709688738840363223374506606922429321171509055663164153640814574484161846158214415088514606387106735772986342926520485154436103240492431922437666551888688957684599363914716840736490327032561161795685241810291267553975821192105474044316054016185688629171019962738275809322687394234953536454766250724440104858639517178585274008898777680088009395047589051790758937368758075883957439448784754824686160101867995118562264254118021882171110009848630991725935260316907500159409123838433051268295595055205289684294985008285719212504230257235684882483253280766477492493710559
0.537951788898040782765130521261957366337894089537259570845160023886854298287208145807817561754088711394748163362728154741339050365924830216215429613598087038109761555423747460058815459215995026092934175265230719550954786358903019417133163964466445794846151627853161517843029029020378177725207352622883102824691146107840325910449833865613599771000131476971275367124303839844570422972749368587731300366242871725229215235762422297672634488976936522682977852856573370303747375667002503136715256438708586094363510635341025908991838500068046169272315905445921915099539042235536130684179051659986684895961219897423751316263045
0.367530671765506900164987949865457554838745830005580764283281005081718729801862710907517104368590912527124412421772989352569189831591230946255561731633843210940746250749402473578363727177475931225082099054567175068230406686010421446834050411789773612919962206259300248211335585898626212817207049085007168298758573256557208502798178910004005430495804545072860162818591574274547062400344681580740278239713313927075805532797928884150512952527883357579223221075628628825072494701201658379470785990440500076196874536489169940674962271840437588363114322756529013039794317888938442537500495088130643542447278689446068607150355
-0.447655969561191237605598041579361595029237862873600671245410196300733940195461760840546614059118060173247547706104973888837011384753308242395552122084865340335624901392508332076967536318006225194762585783430697206800919162132148241782355736811629039486716061629851563731297981412332278196698230410692009942189513815439804284548273103496104368038007905988595425257370286404458460293026503950586109280782033455094025318443963333730548687583249059489847041536102907490258726573937428989220971595898677253130771326450371961265611763891475907782628213114747628558096176524438227533214256046854236422368036640512745748693822

