0 128 -318 -393
0.6954830243174371800782088922484838976883
0.2488179642888468615192831695752683622483
0.9174197936372012369664005258356807245022
0.2224951579970201276268593530367937753581
0.5144226931053776182801734835240544258304
0.8874466373404786640250508078777262073067
0.351767764648758352263475354657975930162
0.4553214858528999174895526029040767893292
0.1426279608798792909919172864664841728498
0.8046073910440537382283066500112164769778
0.1175556051509775653819533299615078323517
0.753357490443693594569019606815259359361
0.7057130503593261668199552932322337039827
0.02141417962778795992462642869121962555308
0.8834602937421060890734219527452761810825
0.254491356255767658754129665328890742382
0.8849013172055147397883648863991416720118
0.7300144414241727820412191125296587063095
0.3671870057528249399261979000005945305016
0.137814568926916504602710723271053396146
0.6316355079123774500343613413096726423105

742 128 6240 2976
0.3225900307811941093090147334113695389319
-0.430932479857826917188351112073609333861
0.9765658367934826015333193194618449490339
1.126759208466369206635754337082961882739
-1.291548098119577246952577079098375170281
1.164330522771563414834149537837559826473
1.230244314234982108070303539731746130511
-1.473516344096058311776522749274605335148
1.267090839782661664755162834722657196708
-0.01241995059948655986513337078231393923518
-0.4800222164503567489601280997710263402678
0.2632699254919267497187567310800973377288
0.3420885926752638306152568785950043037522
-0.4463926699798843323434533342051015659963
0.3271841256477576983517773258117510545227
0.1145343644526235100416127316892644159833
0.3644699609586621475540515851596493249585
0.2630662304574854223730389658937535282427
2.070629153100353533019491257046660967565
-1.810142899843592969234208208936174329022
-0.002556809125531643753986330853159565145815

742 256 6179 2917
0.3225900307811941093090147334113695389319000000000000000000000000000000000285381
-0.4309324798578269171883511120736093338609999999999999999999999999999999999919411
0.9765658367934826015333193194618449490339000000000000000000000000000000000055081
1.126759208466369206635754337082961882738999999999999999999999999999999998084921
-1.291548098119577246952577079098375170281000000000000000000000000000000000454761
1.164330522771563414834149537837559826473000000000000000000000000000000000256155
1.230244314234982108070303539731746130510999999999999999999999999999999999179949
-1.473516344096058311776522749274605335148000000000000000000000000000000000004176
1.26709083978266166475516283472265719670799999999999999999999999999999999993626
-0.01241995059948655986513337078231393923517999999999999999999999999999999999381262
-0.4800222164503567489601280997710263402677999999999999999999999999999999999999934
0.263269925491926749718756731080097337728799999999999999999999999999999999961821
0.3420885926752638306152568785950043037521999999999999999999999999999999999999057
-0.4463926699798843323434533342051015659962999999999999999999999999999999999972376
0.3271841256477576983517773258117510545227000000000000000000000000000000000043974
0.1145343644526235100416127316892644159833000000000000000000000000000000000009548
0.3644699609586621475540515851596493249585000000000000000000000000000000000822527
0.2630662304574854223730389658937535282427000000000000000000000000000000000163563
2.070629153100353533019491257046660967565000000000000000000000000000000000419478
-1.810142899843592969234208208936174329021999999999999999999999999999999999792198
-0.002556809125531643753986330853159565145815000000000000000000000000000000000922765

766 256 12696 6202
0.322590030781194109309014733409941359542756012604367930160420099707589528570639
-0.4309324798578269171883511120489281743210443222011977767711065849444016151540681
0.9765658367934826015333193194336029768753627581511237058793801077497158821221021
1.126759208466369206635754337068717511083481628435513004247405519384153929889076
-1.291548098119577246952577079123459538925150597529444523927296956039304752880609
1.164330522771563414834149537878298753538991300775785073421920619891717777268934
1.230244314234982108070303539716308076713383358812129308067792279452061294000575
-1.473516344096058311776522749302211314340111690811824907057148850241685381792161
1.267090839782661664755162834767095080731888902637104485704409846497467829460738
-0.0124199505994865598651333707822694458152908988680290856372432637282948733105702
-0.4800222164503567489601280997453422730205978392641559973191764214296071396713037
0.2632699254919267497187567312400012389851325496315609974777908247978071199307814
0.3420885926752638306152568784931350615594057074385410136613697923372252043911613
-0.446392669979884332343453334202814100318979389985351413410403631158765058495635
0.3271841256477576983517773258286673588950182480753484267141985228741838494352854
0.1145343644526235100416127316891220849323556459320004150256203052954356952833902
0.3644699609586621475540515851549347834190447003313344776832703373699962612685405
0.2630662304574854223730389659003529956908760126581112648297428583169469981893054
2.070629153100353533019491257046626820566837654713461448155285030713694569452713
-1.810142899843592969234208208936765187777733718633955503292541853361122780307309
-0.002556809125531643753986330854271496831380295000952102401376678329581667983520105

767 256 12696 6203
0.322590030781194109309014733409941359542756012604367930160420099707589528570639
-0.4309324798578269171883511120489281743210443222011977767711065849444016151540681
0.9765658367934826015333193194336029768753627581511237058793801077497158821221021
1.126759208466369206635754337068717511083481628435513004247405519384153929889076
-1.291548098119577246952577079123459538925150597529444523927296956039304752880609
1.164330522771563414834149537878298753538991300775785073421920619894091669205374
1.230244314234982108070303539716308076713383358812129308067792279449687402064135
-1.473516344096058311776522749302211314340111690811824907057148850241685381792161
1.267090839782661664755162834767095080731888902637104485704409846495093937524298
-0.01241995059948655986513337078226944581529089886802908563724326373048330493947578
-0.4800222164503567489601280997453422730205978392641559973191764214296071396713037
0.2632699254919267497187567312400012389851325496315609974777908247978071199307814
0.3420885926752638306152568784931350615594057074385410136613697923372252043911613
-0.446392669979884332343453334202814100318979389985351413410403631158765058495635
0.3271841256477576983517773258286673588950182480753484267141985228741838494352854
0.1145343644526235100416127316891220849323556459320004150256203052954356952833902
0.3644699609586621475540515851549347834190447003313344776832703373699962612685405
0.2630662304574854223730389659003529956908760126581112648297428583169469981893054
2.070629153100353533019491257046626820566837654713461448155285030713694569452713
-1.810142899843592969234208208936765187777733718633955503292541853361122780307309
-0.002556809125531643753986330854271496831380295000952102401376678329586304491208465

770 256 12698 6206
0.322590030781194109309014733409941359542756012604367930160420099707589528570639
-0.4309324798578269171883511120489281743210443222011977767711065849444016151540681
0.9765658367934826015333193194336029768753627581511237058793801077497158821221021
1.126759208466369206635754337068717511083481628435513004247405519384153929889076
-1.291548098119577246952577079123459538925150597529444523927296956039304752880609
1.164330522771563414834149537878298753538991300775785073421920619901213345014694
1.230244314234982108070303539716308076713383358812129308067792279444939618191255
-1.473516344096058311776522749302211314340111690811824907057148850241685381792161
1.267090839782661664755162834767095080731888902637104485704409846487972261714978
-0.01241995059948655986513337078226944581529089886802908563724326373775334899482312
-0.4800222164503567489601280997453422730205978392641559973191764214296071396713037
0.2632699254919267497187567312400012389851325496315609974777908247978071199307814
0.3420885926752638306152568784931350615594057074385410136613697923372252043911613
-0.446392669979884332343453334202814100318979389985351413410403631158765058495635
0.3271841256477576983517773258286673588950182480753484267141985228741838494352854
0.1145343644526235100416127316891220849323556459320004150256203052954356952833902
0.3644699609586621475540515851549347834190447003313344776832703373699962612685405
0.2630662304574854223730389659003529956908760126581112648297428583169469981893054
2.070629153100353533019491257046626820566837654713461448155285030713694569452713
-1.810142899843592969234208208936765187777733718633955503292541853361122780307309
-0.002556809125531643753986330854271496831380295000952102401376678329609487029650261

770 512 12637 6150
0.322590030781194109309014733409941359542756012604367930160420099707589528570638999999999999999999999999999999999999999999999999999999999999999999926121271694
-0.430932479857826917188351112048928174321044322201197776771106584944401615154068099999999999999999999999999999999999999999999999999999999999999999989595664511
0.976565836793482601533319319433602976875362758151123705879380107749715882122102100000000000000000000000000000000000000000000000000000000000000000074940250745
1.12675920846636920663575433706871751108348162843551300424740551938415392988907600000000000000000000000000000000000000000000000000000000000000000009990822165
-1.29154809811957724695257707912345953892515059752944452392729695603930475288060899999999999999999999999999999999999999999999999999999999999999999951222684299
1.16433052277156341483414953787829875353899130077578507342192061990121334501469399999999999999999999999999999999999999999999999999999999999999999996402659649
1.23024431423498210807030353971630807671338335881212930806779227944493961819125500000000000000000000000000000000000000000000000000000000000000000002514555753
-1.47351634409605831177652274930221131434011169081182490705714885024168538179216100000000000000000000000000000000000000000000000000000000000000000022366406796
1.26709083978266166475516283476709508073188890263710448570440984648797226171497800000000000000000000000000000000000000000000000000000000000000000000069865978
-0.012419950599486559865133370782269445815290898868029085637243263737753348994823119999999999999999999999999999999999999999999999999999999999999999991077619769
-0.480022216450356748960128099745342273020597839264155997319176421429607139671303699999999999999999999999999999999999999999999999999999999999999999951866762501
0.263269925491926749718756731240001238985132549631560997477790824797807119930781399999999999999999999999999999999999999999999999999999999999999999979652853617
0.342088592675263830615256878493135061559405707438541013661369792337225204391161300000000000000000000000000000000000000000000000000000000000000000158681256138
-0.44639266997988433234345333420281410031897938998535141341040363115876505849563499999999999999999999999999999999999999999999999999999999999999999997825520829
0.32718412564775769835177732582866735889501824807534842671419852287418384943528539999999999999999999999999999999999999999999999999999999999999999993091170488
0.114534364452623510041612731689122084932355645932000415025620305295435695283390199999999999999999999999999999999999999999999999999999999999999999981982286004
0.364469960958662147554051585154934783419044700331334477683270337369996261268540499999999999999999999999999999999999999999999999999999999999999999994753429604
0.26306623045748542237303896590035299569087601265811126482974285831694699818930540000000000000000000000000000000000000000000000000000000000000000005140821651
2.07062915310035353301949125704662682056683765471346144815528503071369456945271300000000000000000000000000000000000000000000000000000000000000000110477203778
-1.81014289984359296923420820893676518777773371863395550329254185336112278030730900000000000000000000000000000000000000000000000000000000000000000011263388675
-0.00255680912553164375398633085427149683138029500095210240137667832960948702965026099999999999999999999999999999999999999999999999999999999999999999879519715868

791 512 25653 12671
0.322590030781194109309014733409941359542756012604367930160420105913571681070187205516604935829071341173789800954651520916014041914085472941311577349157429348
-0.430932479857826917188351112048928174321044322201197776771106690570138871841802593211463698194144499962058673632994673409229826498625605670625995872383394854
0.976565836793482601533319319433602976875362758151123705879380227506328295974686154081569699825763583926374287041504286284035646321369361982123619502190667771
1.12675920846636920663575433706871751108348162843551300424740561518609557146171379118581383614702531597804477053377274263554516592380550338418814960784142639
-1.29154809811957724695257707912345953892515059752944452392729691175309016344666875463661498557542642024125164377873793684599266490772589131302723234814443074
1.16433052277156341483414953787829875353899130077578507342192048309223155800180781267806491932706417525760621297287383286977325347666041514380692609783715529
1.23024431423498210807030353971630807671338335881212930806779238155991209511718097586217975491124428698422924290127482736624162577540390951549425894903609316
-1.47351634409605831177652274930221131434011169081182490705714879791055543200296642797863663182938508955009196696216478297383563315854677115780224073104423636
1.26709083978266166475516283476709508073188890263710448570440969521840294305977942849829964037663238772941028474678500140940477400869388516819523743357351445
-0.012419950599486559865133370782269445815290898868029085637243263342169803256869661216205253388658421422216279385195465843417174540450833239764970171773676461
-0.480022216450356748960128099745342273020597839264155997319176492630667661038847292866830068251548431586524694352234339572367137972806554577937959720832171996
0.263269925491926749718756731240001238985132549631560997477790224951917272325901016945211923064111647312221009828955768127307114309218264119860829589697892469
0.342088592675263830615256878493135061559405707438541013661370211329880962340003538428790180735581567590991218922774557829746130193681605882655066576454146433
-0.446392669979884332343453334202814100318979389985351413410403649380572920636252389486962149316150487331735752470643927091045128709909522159077128750622356532
0.32718412564775769835177732582866735889501824807534842671419844971535280866567918934326128879137900890219021888890609627592773643726310749014653105583402718
0.114534364452623510041612731689122084932355645932000415025620308745145618048810128306832660198309458568315525024891656964787015194964607277526691748788100112
0.364469960958662147554051585154934783419044700331334477683270354718872095870352807531324967118493809610319775973947636599920839227423846459666813810592344532
0.263066230457485422373038965900352995690876012658111264829742837805795529196123287927912797265173905094584663400614253374618299217079099231708834529760066218
2.07062915310035353301949125704662682056683765471346144815528503030424695647806142026472494855194699371501452993999092915879898905888917587289503869907726428
-1.81014289984359296923420820893676518777773371863395550329254185483109706619576327593243084719622407975714544947687612571367115640996703180799903231135150973
-0.00255680912553164375398633085427149683138029500095210240137667674296313339758436809836452593770008723108904486256835038445398628796658253849123562500152835414

797 512 25663 12676
0.322590030781194109309014733409941359542756012604367930160420105913571681070187205516604935829071341173789800954651520916014041914186909473977680403389400023
-0.430932479857826917188351112048928174321044322201197776771106690570138871841802593211463698194144499962058673632994673409229826498580522767218838959391407888
0.976565836793482601533319319433602976875362758151123705879380227506328295974686154081569699825763583926374287041504286284035646321401413108764645120020908505
1.12675920846636920663575433706871751108348162843551300424740561518609557146171379118581383614702531597804477053377274263554516592419997878900077259652131235
-1.29154809811957724695257707912345953892515059752944452392729691175309016344666875463661498557542642024125164377873793684599266490762445478036112929391246006
1.16433052277156341483414953787829875353899130077578507342192048309223155800180781267806491932706417525760621297287383286977325347664914441795513686958915854
1.23024431423498210807030353971630807671338335881212930806779238155991209511718097586217975491124428698422924290127482736624162577504324628823700364510019742
-1.47351634409605831177652274930221131434011169081182490705714879791055543200296642797863663182938508955009196696216478297383563315863693696461655455702821029
1.26709083978266166475516283476709508073188890263710448570440969521840294305977942849829964037663238772941028474678500140940477400869952053112113204769751282
-0.0124199505994865598651333707822694458152908988680290856372432633421698032568696612162052533886584214222162793851954658434171745399723006734971574017168851164
-0.480022216450356748960128099745342273020597839264155997319176492630667661038847292866830068251548431586524694352234339572367137972806554577937959720832171996
0.263269925491926749718756731240001238985132549631560997477790224951917272325901016945211923064111647312221009828955768127307114309218264119860829589697892469
0.342088592675263830615256878493135061559405707438541013661370211329880962340003538428790180735581567590991218922774557829746130193681605882655066576454146433
-0.446392669979884332343453334202814100318979389985351413410403649380572920636252389486962149316150487331735752470643927091045128709910578789625733990770606227
0.327184125647757698351777325828667358895018248075348426714198449715352808665679189343261288791379008902190218888906096275927736437262403069780794229068527383
0.114534364452623510041612731689122084932355645932000415025620308745145618048810128306832660198309458568315525024891656964787015194857535381934694080432131066
0.364469960958662147554051585154934783419044700331334477683270354718872095870352807531324967118493809610319775973947636599920839227473155885268391684177330277
0.263066230457485422373038965900352995690876012658111264829742837805795529196123287927912797265173905094584663400614253374618299217150950109013990859841045446
2.07062915310035353301949125704662682056683765471346144815528503030424695647806142026472494855194699371501452993999092915879898905917094401918976940527718282
-1.81014289984359296923420820893676518777773371863395550329254185483109706619576327593243084719622407975714544947687612571367115640968526366170430160515159119
-0.0025568091255316437539863308542714968313802950009521024013766767429631333975843680983645259377000872310890448625683503844539862880675788084287531625050616563

798 512 25663 12676
0.322590030781194109309014733409941359542756012604367930160420105913571681070187205516604935829071341173789800954651520916014041914186909473977680403389400023
-0.430932479857826917188351112048928174321044322201197776771106690570138871841802593211463698194144499962058673632994673409229826498580522767218838959391407888
0.976565836793482601533319319433602976875362758151123705879380227506328295974686154081569699825763583926374287041504286284035646321401413108764645120020908505
1.12675920846636920663575433706871751108348162843551300424740561518609557146171379118581383614702531597804477053377274263554516592419434342607487798239731398
-1.29154809811957724695257707912345953892515059752944452392729691175309016344666875463661498557542642024125164377873793684599266490762868130255555025450545884
1.16433052277156341483414953787829875353899130077578507342192048309223155800180781267806491932706417525760621297287383286977325347664350905502924225546516017
1.23024431423498210807030353971630807671338335881212930806779238155991209511718097586217975491124428698422924290127482736624162577504888165116289825922419579
-1.47351634409605831177652274930221131434011169081182490705714879791055543200296642797863663182938508955009196696216478297383563315863693696461655455702821029
1.26709083978266166475516283476709508073188890263710448570440969521840294305977942849829964037663238772941028474678500140940477400870515589404702666182151119
-0.0124199505994865598651333707822694458152908988680290856372432633421698032568696612162052533886584214222162793851954658434171745399684483746220341303430581051
-0.480022216450356748960128099745342273020597839264155997319176492630667661038847292866830068251548431586524694352234339572367137972806554577937959720832171996
0.263269925491926749718756731240001238985132549631560997477790224951917272325901016945211923064111647312221009828955768127307114309218264119860829589697892469
0.342088592675263830615256878493135061559405707438541013661370211329880962340003538428790180735581567590991218922774557829746130193681605882655066576454146433
-0.446392669979884332343453334202814100318979389985351413410403649380572920636252389486962149316150487331735752470643927091045128709910578789625733990770606227
0.327184125647757698351777325828667358895018248075348426714198449715352808665679189343261288791379008902190218888906096275927736437262403069780794229068527383
0.114534364452623510041612731689122084932355645932000415025620308745145618048810128306832660198309458568315525024891656964787015194857535381934694080432131066
0.364469960958662147554051585154934783419044700331334477683270354718872095870352807531324967118493809610319775973947636599920839227473155885268391684177330277
0.263066230457485422373038965900352995690876012658111264829742837805795529196123287927912797265173905094584663400614253374618299217150950109013990859841045446
2.07062915310035353301949125704662682056683765471346144815528503030424695647806142026472494855194699371501452993999092915879898905917094401918976940527718282
-1.81014289984359296923420820893676518777773371863395550329254185483109706619576327593243084719622407975714544947687612571367115640968526366170430160515159119
-0.00255680912553164375398633085427149683138029500095210240137667674296313339758436809836452593770008723108904486256835038445398628806771088724732881752359286812

798 2048 25653 12674
0.322590030781194109309014733409941359542756012604367930160420105913571681070187205516604935829071341173789800954651520916014041914186909473977680403389400022999999999999999999999999999999999999999999999999999999999999999999999999999999999999999999999999999999999999999999999999999999999999999999999999999999999999999999999999999999999999999999999999999999999999999999999999999999999999999999999999999999999999999999999999999999999999999999999999999999999999999999999999999999999999999999999999999999999999999999999999999999999999999999999999999999999999999999999999999999999999999999999999999999999999999999999999999993
-0.430932479857826917188351112048928174321044322201197776771106690570138871841802593211463698194144499962058673632994673409229826498580522767218838959391407888000000000000000000000000000000000000000000000000000000000000000000000000000000000000000000000000000000000000000000000000000000000000000000000000000000000000000000000000000000000000000000000000000000000000000000000000000000000000000000000000000000000000000000000000000000000000000000000000000000000000000000000000000000000000000000000000000000000000000000000000000000000000000000000000000000000000000000000000000000000000000000000000000000000000000000000000000001
0.976565836793482601533319319433602976875362758151123705879380227506328295974686154081569699825763583926374287041504286284035646321401413108764645120020908505000000000000000000000000000000000000000000000000000000000000000000000000000000000000000000000000000000000000000000000000000000000000000000000000000000000000000000000000000000000000000000000000000000000000000000000000000000000000000000000000000000000000000000000000000000000000000000000000000000000000000000000000000000000000000000000000000000000000000000000000000000000000000000000000000000000000000000000000000000000000000000000000000000000000000000000000000014
1.12675920846636920663575433706871751108348162843551300424740561518609557146171379118581383614702531597804477053377274263554516592419434342607487798239731398000000000000000000000000000000000000000000000000000000000000000000000000000000000000000000000000000000000000000000000000000000000000000000000000000000000000000000000000000000000000000000000000000000000000000000000000000000000000000000000000000000000000000000000000000000000000000000000000000000000000000000000000000000000000000000000000000000000000000000000000000000000000000000000000000000000000000000000000000000000000000000000000000000000000000000000000000003
-1.29154809811957724695257707912345953892515059752944452392729691175309016344666875463661498557542642024125164377873793684599266490762868130255555025450545883999999999999999999999999999999999999999999999999999999999999999999999999999999999999999999999999999999999999999999999999999999999999999999999999999999999999999999999999999999999999999999999999999999999999999999999999999999999999999999999999999999999999999999999999999999999999999999999999999999999999999999999999999999999999999999999999999999999999999999999999999999999999999999999999999999999999999999999999999999999999999999999999999999999999999999999999999997
1.16433052277156341483414953787829875353899130077578507342192048309223155800180781267806491932706417525760621297287383286977325347664350905502924225546516016999999999999999999999999999999999999999999999999999999999999999999999999999999999999999999999999999999999999999999999999999999999999999999999999999999999999999999999999999999999999999999999999999999999999999999999999999999999999999999999999999999999999999999999999999999999999999999999999999999999999999999999999999999999999999999999999999999999999999999999999999999999999999999999999999999999999999999999999999999999999999999999999999999999999999999999999999997
1.23024431423498210807030353971630807671338335881212930806779238155991209511718097586217975491124428698422924290127482736624162577504888165116289825922419578999999999999999999999999999999999999999999999999999999999999999999999999999999999999999999999999999999999999999999999999999999999999999999999999999999999999999999999999999999999999999999999999999999999999999999999999999999999999999999999999999999999999999999999999999999999999999999999999999999999999999999999999999999999999999999999999999999999999999999999999999999999999999999999999999999999999999999999999999999999999999999999999999999999999999999999999999997
-1.47351634409605831177652274930221131434011169081182490705714879791055543200296642797863663182938508955009196696216478297383563315863693696461655455702821029000000000000000000000000000000000000000000000000000000000000000000000000000000000000000000000000000000000000000000000000000000000000000000000000000000000000000000000000000000000000000000000000000000000000000000000000000000000000000000000000000000000000000000000000000000000000000000000000000000000000000000000000000000000000000000000000000000000000000000000000000000000000000000000000000000000000000000000000000000000000000000000000000000000000000000000000000002
1.26709083978266166475516283476709508073188890263710448570440969521840294305977942849829964037663238772941028474678500140940477400870515589404702666182151119000000000000000000000000000000000000000000000000000000000000000000000000000000000000000000000000000000000000000000000000000000000000000000000000000000000000000000000000000000000000000000000000000000000000000000000000000000000000000000000000000000000000000000000000000000000000000000000000000000000000000000000000000000000000000000000000000000000000000000000000000000000000000000000000000000000000000000000000000000000000000000000000000000000000000000000000000002
-0.0124199505994865598651333707822694458152908988680290856372432633421698032568696612162052533886584214222162793851954658434171745399684483746220341303430581050999999999999999999999999999999999999999999999999999999999999999999999999999999999999999999999999999999999999999999999999999999999999999999999999999999999999999999999999999999999999999999999999999999999999999999999999999999999999999999999999999999999999999999999999999999999999999999999999999999999999999999999999999999999999999999999999999999999999999999999999999999999999999999999999999999999999999999999999999999999999999999999999999999999999999999999999999999
-0.480022216450356748960128099745342273020597839264155997319176492630667661038847292866830068251548431586524694352234339572367137972806554577937959720832171996000000000000000000000000000000000000000000000000000000000000000000000000000000000000000000000000000000000000000000000000000000000000000000000000000000000000000000000000000000000000000000000000000000000000000000000000000000000000000000000000000000000000000000000000000000000000000000000000000000000000000000000000000000000000000000000000000000000000000000000000000000000000000000000000000000000000000000000000000000000000000000000000000000000000000000000000000001
0.263269925491926749718756731240001238985132549631560997477790224951917272325901016945211923064111647312221009828955768127307114309218264119860829589697892469000000000000000000000000000000000000000000000000000000000000000000000000000000000000000000000000000000000000000000000000000000000000000000000000000000000000000000000000000000000000000000000000000000000000000000000000000000000000000000000000000000000000000000000000000000000000000000000000000000000000000000000000000000000000000000000000000000000000000000000000000000000000000000000000000000000000000000000000000000000000000000000000000000000000000000000000000007
0.342088592675263830615256878493135061559405707438541013661370211329880962340003538428790180735581567590991218922774557829746130193681605882655066576454146433000000000000000000000000000000000000000000000000000000000000000000000000000000000000000000000000000000000000000000000000000000000000000000000000000000000000000000000000000000000000000000000000000000000000000000000000000000000000000000000000000000000000000000000000000000000000000000000000000000000000000000000000000000000000000000000000000000000000000000000000000000000000000000000000000000000000000000000000000000000000000000000000000000000000000000000000000003
-0.446392669979884332343453334202814100318979389985351413410403649380572920636252389486962149316150487331735752470643927091045128709910578789625733990770606227000000000000000000000000000000000000000000000000000000000000000000000000000000000000000000000000000000000000000000000000000000000000000000000000000000000000000000000000000000000000000000000000000000000000000000000000000000000000000000000000000000000000000000000000000000000000000000000000000000000000000000000000000000000000000000000000000000000000000000000000000000000000000000000000000000000000000000000000000000000000000000000000000000000000000000000000000004
0.327184125647757698351777325828667358895018248075348426714198449715352808665679189343261288791379008902190218888906096275927736437262403069780794229068527383000000000000000000000000000000000000000000000000000000000000000000000000000000000000000000000000000000000000000000000000000000000000000000000000000000000000000000000000000000000000000000000000000000000000000000000000000000000000000000000000000000000000000000000000000000000000000000000000000000000000000000000000000000000000000000000000000000000000000000000000000000000000000000000000000000000000000000000000000000000000000000000000000000000000000000000000000003
0.114534364452623510041612731689122084932355645932000415025620308745145618048810128306832660198309458568315525024891656964787015194857535381934694080432131066
0.364469960958662147554051585154934783419044700331334477683270354718872095870352807531324967118493809610319775973947636599920839227473155885268391684177330277000000000000000000000000000000000000000000000000000000000000000000000000000000000000000000000000000000000000000000000000000000000000000000000000000000000000000000000000000000000000000000000000000000000000000000000000000000000000000000000000000000000000000000000000000000000000000000000000000000000000000000000000000000000000000000000000000000000000000000000000000000000000000000000000000000000000000000000000000000000000000000000000000000000000000000000000000004
0.263066230457485422373038965900352995690876012658111264829742837805795529196123287927912797265173905094584663400614253374618299217150950109013990859841045446000000000000000000000000000000000000000000000000000000000000000000000000000000000000000000000000000000000000000000000000000000000000000000000000000000000000000000000000000000000000000000000000000000000000000000000000000000000000000000000000000000000000000000000000000000000000000000000000000000000000000000000000000000000000000000000000000000000000000000000000000000000000000000000000000000000000000000000000000000000000000000000000000000000000000000000000000005
2.07062915310035353301949125704662682056683765471346144815528503030424695647806142026472494855194699371501452993999092915879898905917094401918976940527718282000000000000000000000000000000000000000000000000000000000000000000000000000000000000000000000000000000000000000000000000000000000000000000000000000000000000000000000000000000000000000000000000000000000000000000000000000000000000000000000000000000000000000000000000000000000000000000000000000000000000000000000000000000000000000000000000000000000000000000000000000000000000000000000000000000000000000000000000000000000000000000000000000000000000000000000000000006
-1.81014289984359296923420820893676518777773371863395550329254185483109706619576327593243084719622407975714544947687612571367115640968526366170430160515159119000000000000000000000000000000000000000000000000000000000000000000000000000000000000000000000000000000000000000000000000000000000000000000000000000000000000000000000000000000000000000000000000000000000000000000000000000000000000000000000000000000000000000000000000000000000000000000000000000000000000000000000000000000000000000000000000000000000000000000000000000000000000000000000000000000000000000000000000000000000000000000000000000000000000000000000000000003
-0.00255680912553164375398633085427149683138029500095210240137667674296313339758436809836452593770008723108904486256835038445398628806771088724732881752359286811999999999999999999999999999999999999999999999999999999999999999999999999999999999999999999999999999999999999999999999999999999999999999999999999999999999999999999999999999999999999999999999999999999999999999999999999999999999999999999999999999999999999999999999999999999999999999999999999999999999999999999999999999999999999999999999999999999999999999999999999999999999999999999999999999999999999999999999999999999999999999999999999999999999999999999999999999995

827 2048 123143 61459
0.322590030781194109309014733409941359542756012604367930160420105913571681070187205516604935829071341173789800954651520916014041920615473427433208433412945977990992861769130948159649667581628974350357678479340900502459056129111366928165830950774798784504327277984416774547038613507698266695594372616153691648650616294813448863771893257917515900742399502161142412139516083083425042087923900952851163241316038724925161407770443119220178630383597375488319856045767289003016150731553327351574340243477564066820023717209375235978174434475098221166945336021575762182174825058161601801837916172189325978224770430787592964445563
-0.430932479857826917188351112048928174321044322201197776771106690570138871841802593211463698194144499962058673632994673409229826445248091197453534544908355986485539835747229261142995012681807719992036637145134616518525283018480694570669962939514556118293061225831547811562829790813241853558640273838433660073559873502881333619159577898696520606351758315185911251860731402082376616721652983416261760448105424124488293780014217974710210980494185430545783451065186747919661887908264125522663186839120520069712931815421703015791747491725625923590325282142809530081705041210869924777428983101228268096787326314990396603536889
0.976565836793482601533319319433602976875362758151123705879380227506328295974686154081569699825763583926374287041504286284035646257408143815668461464068756726543174974040601567177651212054885791953114706437958233728245775471293804444151658534776716471058769901755112555875409302266051472625304468064582039476657688538817595665297325734343691377793444416916928484072601382746214352567234255744996376931226289253357951452275641178227330604271522322326959490777064508146039888227439264669582877496854047200295948635296996889160800275240229397380365804594736065029118656383876567654274997269558699171561276771430815102474924
1.12675920846636920663575433706871751108348162843551300424740561518609557146171379118581383614702531597804477053377274263554516538311383863030743925447705858044193084299042077094261382163352305086614539943238282958930537415296565403922598025242797687210006682353531981820769917877423080912471667968195166533811718267201051343963842187316365510933939202375492400266168322761210423664283278058826248395332255060129800280764686245432355313012051895033206022396435419508469831310684093476806218188661519392552025925959267527012776763852499952357156870812639563275462945711974002507606842250381437045713339463312198189664637
-1.29154809811957724695257707912345953892515059752944452392729691175309016344666875463661498557542642024125164377873793684599266406338717792613834130567588318350311188426222177129030745406374964268333658969164985648843863810733048973538097667031349205069720515025727306210464075008106426660047836760344994462375083403818807072198007876854937995665672124663653396973698956913722317531332107058188711617569821365826553966926257508642986480061724853656370511911498761900492027094526618081719851500888696033257220552654104815535181200166950792077558298605618693662815021173036065005673701758694861501214173603906478141840483
1.16433052277156341483414953787829875353899130077578507342192048309223155800180781267806491932706417525760621297287383286977325306845176162247356864274561572965288724323673178587695414267460290263244283281921515956258893479745243022767749204269655549153249039395610868656320319667793623052722733622617435140364670315863557899928694117503585166705680996597706741888900801730974577492708387070684103645978377540863112885216046725779137415682544826682666103494081229846681952165021208043441022731326343537297814464470757524151334090345229908510932686105622061801247426244790401166009788704842109441546705786487540610095365
1.23024431423498210807030353971630807671338335881212930806779238155991209511718097586217975491124428698422924290127482736624162520922537611814433591182811296522699793836272876132412095283976907177890840124534898032013330248782613177836305078966206825512640638212345699628010975162339504862344590213033735453692511125525491589501262141425831097225971300466136632768105570071921458355757752072105583986851072529822966183754268081372293620624959234580874533909320041831933458770729052594999218172114307736317660120430779519616829750658061477093835077757898804619879310149771083131118028792703313057442527826924541136498804
-1.47351634409605831177652274930221131434011169081182490705714879791055543200296642797863663182938508955009196696216478297383563226883296634714349935225080848869202997484973258497370674516298083916304441607109006122988979277545788383982956212580465998550502723144352364768522048589546487171145628483971039151837042390871247292696209943488915712393948524284254698264535414922369967862024574080277014571046166178080091842298491761145095466378311048972122898654955313272156985076388121716273433495473057829033170703302067664801677607982322398030822835569358941263288861942907230358730705898933111756322191454365791165615863
1.26709083978266166475516283476709508073188890263710448570440969521840294305977942849829964037663238772941028474678500140940477358185095257837926012443971019362848551381260108224691701261981167593226117327852943738738238248382241601264737375072809669522605205140724264870036630854921766234822782702599004729380323058292237681100325227096868100034915179156297661127018262675415356911545262790786269938769770403270808956097815992224363476409776510078673681424801938323126133949784494041959143736423137528455374329354866191819034892135667192103270389721769520235417865488629425437607327026973581868970725716667300150073523
-0.0124199505994865598651333707822694458152908988680290856372432633421698032568696612162052533886584214222162793851954658434171745464317719316097382186006344817784434575188288467465339511635233494399184758581188656468558029892435096851212154548061809345938104965914081322428177469522851898772198220514005039322668191204497916848914713600883703542424944874012910307902415217553505470979116877312020759621989828245450362196526195625039114922361160055514412719323869913908766031675806005371893859298926749743771664944959337477796304618679613419531034160711307598198507749239599807511013204809903384837485259655236073211533851
-0.480022216450356748960128099745342273020597839264155997319176492630667661038847292866830068251548431586524694352234339572367137770877839068782711987462572839710246168327397978572850443634133035127135397527686618318698287687641607219848907849277375530063099942055379747081967784727927470802839130169974257903282040205392308500923374759242881788478953668228447487816274829963219270842929193764692942805653219720800865088320136335058986277797031134002177954194716988749168108632572566935691104988331419010263630427904151386130072022006411338291534634838654970738963571849754710926285011272862704215887284040788217076539142
0.263269925491926749718756731240001238985132549631560997477790224951917272325901016945211923064111647312221009828955768127307114149400675891033724071663322742810460065030177756447373048499892481561071463702617778781383842725275689783257187307817256500003924147719472298369743708403147698335125215807921347927912011613784051520203907557433700904754545779738951207810552178953115979074632158438185792455539567204056032979983550062646587545088661722572534776214949700765415174017426672303056502328908088734567077375649962302884360338635461380914467420799775781948630101418774405117184375590201392901341622171410769403101471
0.342088592675263830615256878493135061559405707438541013661370211329880962340003538428790180735581567590991218922774557829746130624429950353052140578092625841558383222123428880725048600866297593591393803163285642929550468584329175200728466483519556470325281740841735813325780813370274655628165364898430636496688498314908646110210273266315493086447848124567676246720024330458157121997352198695520390625003602934218866367656376087570654483636335448537758127468581005354578596293082656711966030276965754912346771767094136251422382296121241278611719356364081837437089275407114900473263194129094421629772677566215664328474314
-0.446392669979884332343453334202814100318979389985351413410403649380572920636252389486962149316150487331735752470643927091045128714067362432959333920459302938959346158966115934090969056664626843386133520839533678910437124706314747128051743924305208025136209819643525648160133360685920078776277647396659732112292105846869976489606623647562186524884846814816386882601113694798831922618115974696109405579594260274220623202179674334446473472999948230393696607191655373942737718837445952605489513666286770839530616734038881901619343975696251832240371157190337931478459682126393809428613194294780400369776623456175354132877696
0.327184125647757698351777325828667358895018248075348426714198449715352808665679189343261288791379008902190218888906096275927736341550110569211533425965007271484734780293417871739211097590671975122114964473081283594953338159059892136336895594251489789006065640394568570511481814970397165946338126215877170644037186702315041451776521082927366819230049205572474965843101730308632596243380323357650244904270755325654793060383874089431570886259909073358385777995962233634190500545092832020622515166307850649283494100015187557827478474452380028960952693526794674570414681572284291498745207603307754370585531851881889317874265
0.11453436445262351004161273168912208493235564593200041502562030874514561804881012830683266019830945856831552502489165696478701517408192960166727891531834190436246155596119886173689116808982644685085474243190031153295939462018829031529577106655844053084705658701850018018813088436673812571330209162348800866843198660544580772703536669346580849021955395573272518678703059332466691485891730195181483980833670431511608916696282013262347573317145669245572075471051346928190088368929880707418513732147377979676780625531771791062719659074087063041632645437423465796077061463288407094923269544769880222085502533802991024115084
0.364469960958662147554051585154934783419044700331334477683270354718872095870352807531324967118493809610319775973947636599920839245938656210750281527405461003025124976810176192008167863881120047506045809850670548808434652273953911279909155764379830745704976235629965919050192458777651511022227381985420040653422822854508288250420704622292305283921434263725110269605481172195421853143022258130497492964727021769632224267153681274863038137194595906301623833292179639745410136885538573600532625272716865372178420144606158285054362683482635849779957333127547775903543692595437892352052925320665143481332944892366573954544796
0.263066230457485422373038965900352995690876012658111264829742837805795529196123287927912797265173905094584663400614253374618299148432003291110598849914223557710489067869285825548259444965874014731275129350024684047992765992237773940159481357117295579436762626384278478646872484680913010474040332456939351501830391730498281487358974883830308711988653829419167216989608793562380989981741352558877284845447802129500839263288170663606590614656697380831444306686354945695517067464700109138954027831488393985291020067765793362421370987775811045866027776015848327998961528601151675257264372537287890422497440969735526139131238
2.07062915310035353301949125704662682056683765471346144815528503030424695647806142026472494855194699371501452993999092915879898906395521768529771359324367251894166632092656507308448362016378745398367814927612870020913703266498642527868193772606283984841654936599561882628207766724540292697932766894274149204733966113759442750519034131159127539751871101884626994449310714663114091262737478527055471795361417194529366841248115514934974229522120404637216502427224624076695725768420536896612640494657115714755562869575206259496888880573331614466678737461210300758619755871207053291620548745979168554106546110020822824585603
-1.81014289984359296923420820893676518777773371863395550329254185483109706619576327593243084719622407975714544947687612571367115636217699879897464711843996266909906898981263232346965843538129936227324135817603561735392500052149024285524255540660117733338382099118755770498237623590871920869313487946613616880987096857592992312620795428983526102483960752643880236972150722070995213980181065406640263704829386040865216087680900983869974013159409851764002884249194991258579972794618853229914315711879857285263917173227991218210658233594185426963749038699334177487310383897249403941855965159467319928470206216478831608409474
-0.00255680912553164375398633085427149683138029500095210240137667674296313339758436809836452593770008723108904486256835038445398627023080798985122576744173631494067293175459362890814366171930860079861247273268862724459884502987615795880379050751722937102152382384080569918489725916198636549576259554245272406115389375211688184379743322134443685880874554128447024815372048500365853080924504384534169852383183975089066023307681738174310664864985550832092507646934438290398561777755432648065503825345162344915370343116181997096523673179077940109160855113639199457636955556905013205619582917077032238104881013555192249658818846

