0 128 -306 -383
0.9464277959071801140030902259856261135171
0.4858607242019063001302847457337777218245
0.2133430772280518558953758268173975362244
0.6595029800966604932728920770336858018283
0.6151194758786267102789177379114717697634
0.9651191603323062619773025353272786500601
0.3359240435135051942568419027184912385919
0.2657086596187275650391656285273634471659
0.7005034575157565998361375203606796139867
0.5395291760993140874643679372365983249504
0.3473799433892559449434648627031237936444
0.8385586648420868176542876878865759494093
0.665733570971444159395626796960667463475
0.4477768663410831030808953095898276015353
0.2192137212106004270593737673744490260047
0.5633445084229236504651218255929898814622
0.8174733176951017042649408369947077871533
0.1298913111251710171294663226447303247884
0.9408318800170953490766349684832046357916
0.05807536899266195742871780292998534977252
0.09983253676949984852556398755918577418707

1542 128 6185 3002
0.4617510443806545870035855675860799961423
-0.02714487921009676428432513875813435548661
0.3202442166966681317445300876944624897801
-1.266091973780025967577888682298931661432
0.1521050896662109928022534490371165188029
2.097501509282395477135374882731070015305
-1.472942344486460889364772244232060204674
0.09421630889078831448675650471035916369388
2.40031715905599332052389529299249391948
-0.02698849240850652757435883206730606614109
0.07427241547421148383937043201418851366643
0.5019744664924342164483994503504428689381
0.07132538428543129654517410090810353239354
0.2047222987619332805589586894501308577961
0.1477054349859897226080973272801699742807
0.1133122669904162039881510987260824594111
0.3775772833944724724458211781009094502574
0.2202421498487339199117125282072239239248
2.328694364339648225802937015949792328413
-1.967915599332142725504908987018290298375
-0.07191046524112809664371283396569858025845

1542 256 6089 2865
0.4617510443806545870035855675860799961422999999999999999999999999999999999395983
-0.02714487921009676428432513875813435548660999999999999999999999999999999999853447
0.3202442166966681317445300876944624897800999999999999999999999999999999999311964
-1.266091973780025967577888682298931661432000000000000000000000000000000000840201
0.1521050896662109928022534490371165188028999999999999999999999999999999999762436
2.0975015092823954771353748827310700153049999999999999999999999999999999998276
-1.472942344486460889364772244232060204674000000000000000000000000000000000069462
0.09421630889078831448675650471035916369388000000000000000000000000000000000100894
2.40031715905599332052389529299249391948000000000000000000000000000000000033901
-0.02698849240850652757435883206730606614108999999999999999999999999999999999865084
0.07427241547421148383937043201418851366642999999999999999999999999999999999868876
0.5019744664924342164483994503504428689380999999999999999999999999999999999055487
0.07132538428543129654517410090810353239354000000000000000000000000000000000118062
0.2047222987619332805589586894501308577961000000000000000000000000000000000059586
0.1477054349859897226080973272801699742806999999999999999999999999999999999966561
0.1133122669904162039881510987260824594110999999999999999999999999999999999739795
0.3775772833944724724458211781009094502573999999999999999999999999999999999849705
0.2202421498487339199117125282072239239248000000000000000000000000000000000029133
2.328694364339648225802937015949792328413000000000000000000000000000000000040466
-1.967915599332142725504908987018290298374999999999999999999999999999999998028662
-0.0719104652411280966437128339656985802584500000000000000000000000000000000000442

1561 256 12638 6227
0.4617510443806545870035855675857833935711578991123872972127531618982660708812264
-0.02714487921009676428432513875849555843005869421550054947656995830501854529109776
0.3202442166966681317445300876943241202055092866402993272589944999082813953203331
-1.2660919737800259675778886822956292435175800435224371160783194188669117262455
0.1521050896662109928022534490369965401131796558933988558039502570187443265030014
2.097501509282395477135374882725958303079381523364875856257070442164735528275834
-1.472942344486460889364772244234252121814783995490736072985451750774972743367343
0.0942163088907883144867565047088370479126295347478513047535120222558517914353096
2.400317159055993320523895292995923835514099973790936604760048343412714107106745
-0.02698849240850652757435883206904576035246425952677897655736663805770258038218118
0.07427241547421148383937043200962749745707497180767236692299125052369530512338923
0.5019744664924342164483994503477053898243283014070463547524684616458264660321649
0.07132538428543129654517410090488852318874421526028261979620928124461547339070383
0.2047222987619332805589586894514992920773312346994777929642518277041599231339766
0.1477054349859897226080973272862792974525212768255208655640793143042212844257219
0.1133122669904162039881510987263846481918124853290030206274834822056490636401229
0.3775772833944724724458211781001832518777554916990414746558461476116424831730086
0.2202421498487339199117125282063968300184033824188370613941978199332853253096838
2.328694364339648225802937015954417504785724112199664233823165332142664642658847
-1.967915599332142725504908987014632374199385464284008586848193364744934437737208
-0.07191046524112809664371283397274986067431000736253720365249941716455339998446527

1561 512 12552 6097
0.461751044380654587003585567585783393571157899112387297212753161898266070881226399999999999999999999999999999999999999999999999999999999999999999996984132752
-0.0271448792100967642843251387584955584300586942155005494765699583050185452910977599999999999999999999999999999999999999999999999999999999999999999994579164213
0.320244216696668131744530087694324120205509286640299327258994499908281395320333100000000000000000000000000000000000000000000000000000000000000000060043533001
-1.26609197378002596757788868229562924351758004352243711607831941886691172624549999999999999999999999999999999999999999999999999999999999999999999998748562139
0.152105089666210992802253449036996540113179655893398855803950257018744326503001400000000000000000000000000000000000000000000000000000000000000000106491529075
2.0975015092823954771353748827259583030793815233648758562570704421647355282758340000000000000000000000000000000000000000000000000000000000000000000725780415
-1.47294234448646088936477224423425212181478399549073607298545175077497274336734300000000000000000000000000000000000000000000000000000000000000000128059931989
0.0942163088907883144867565047088370479126295347478513047535120222558517914353096000000000000000000000000000000000000000000000000000000000000000000173133920438
2.40031715905599332052389529299592383551409997379093660476004834341271410710674500000000000000000000000000000000000000000000000000000000000000000192089450088
-0.026988492408506527574358832069045760352464259526778976557366638057702580382181180000000000000000000000000000000000000000000000000000000000000000001412808291
0.0742724154742114838393704320096274974570749718076723669229912505236953051233892300000000000000000000000000000000000000000000000000000000000000000005054869529
0.501974466492434216448399450347705389824328301407046354752468461645826466032164899999999999999999999999999999999999999999999999999999999999999999999982834012
0.0713253842854312965451741009048885231887442152602826197962092812446154733907038300000000000000000000000000000000000000000000000000000000000000000061815827362
0.204722298761933280558958689451499292077331234699477792964251827704159923133976599999999999999999999999999999999999999999999999999999999999999999891296184718
0.147705434985989722608097327286279297452521276825520865564079314304221284425721899999999999999999999999999999999999999999999999999999999999999999893576410131
0.113312266990416203988151098726384648191812485329003020627483482205649063640122900000000000000000000000000000000000000000000000000000000000000000001385885368
0.377577283394472472445821178100183251877755491699041474655846147611642483173008599999999999999999999999999999999999999999999999999999999999999999954214574507
0.220242149848733919911712528206396830018403382418837061394197819933285325309683800000000000000000000000000000000000000000000000000000000000000000008832025297
2.32869436433964822580293701595441750478572411219966423382316533214266464265884699999999999999999999999999999999999999999999999999999999999999999971593270499
-1.9679155993321427255049089870146323741993854642840085868481933647449344377372079999999999999999999999999999999999999999999999999999999999999999999824322478
-0.0719104652411280966437128339727498606743100073625372036524994171645533999844652700000000000000000000000000000000000000000000000000000000000000000030316001261

1582 512 25701 12751
0.461751044380654587003585567585783393571157899112387297212753131400644199262740439824296681564644336143734988106635301501755578449528796252358978047882044107
-0.0271448792100967642843251387584955584300586942155005494765699436878583114480720863643007031721671261447979306527767502512638541470540238529214444390251478846
0.32024421669666813174453008769432412020550928664029932725899446350181428292498428356271928110368231739253341480965458113482000726087403972432577243130388293
-1.26609197378002596757788868229562924351758004352243711607831925925678354838317426547841784180371664186077939773425140243748679031938891476008182481901373783
0.152105089666210992802253449036996540113179655893398855803950248139716429968104126501864289201437638418512819628398454979219331295694128055621257055527191825
2.09750150928239547713537488272595830307938152336487585625707021495626289602781108115709475809014414994491308367978371766681135740012773281124572277246346863
-1.47294234448646088936477224423425212181478399549073607298545182706988096953213180800590177236638589786333762132981001285036335916451547036370707741276421595
0.0942163088907883144867565047088370479126295347478513047535119559860001876331476969717693514624329291918956311923973652695105987912799428491368934528177929101
2.40031715905599332052389529299592383551409997379093660476004848756135204180804416160268946534635885701221437837104608215096668329988228733129694277664247577
-0.0269884924085065275743588320690457603524642595267789765573667183202972717107233482447831748940046415758847483563536903393106712659880819703588442069891272586
0.0742724154742114838393704320096274974570749718076723669229910109550244380638517263715902145940396596718865197893524748827966449515734556740560970404373108287
0.501974466492434216448399450347705389824328301407046354752468332411554550924962213552026609237083233834132045019863517880344385429605448559450731593512570084
0.0713253842854312965451741009048885231887442152602826197962091191352166202602095974433172252498419761416630991796471675811048537136370529255003065786652839939
0.204722298761933280558958689451499292077331234699477792964251918484186939585224604513501274522517294608068408177360174981220537070392198809057093414140734831
0.14770543498598972260809732728627929745252127682552086556407961901401745116575185811956467639651783574424992783377666467453357882659448222271988902728654823
0.11331226699041620398815109872638464819181248532900302062748347329994668685587178674987452625902205034277269619569704559440634758453366711498462051415190451
0.377577283394472472445821178100183251877755491699041474655846109125632542170826647625432044115396314053235467674049849716762752514077735610165876760001122555
0.220242149848733919911712528206396830018403382418837061394197813244900094609131233908993056547090582581714785078263938777259327856439458067098047402202622101
2.32869436433964822580293701595441750478572411219966423382316553785676595419142933082050406457913830234935261936014450162209039186056809702411565890711585885
-1.96791559933214272550490898701463237419938546428400858684819320161257151746169420614665609789938347856119745678141029753936350530105059622518540940434874181
-0.0719104652411280966437128339727498606743100073625372036524997319146737603655647929581475936012637707658781115267450381711553145152429981833268107379437742936

1582 2048 25567 12602
0.461751044380654587003585567585783393571157899112387297212753131400644199262740439824296681564644336143734988106635301501755578449528796252358978047882044106999999999999999999999999999999999999999999999999999999999999999999999999999999999999999999999999999999999999999999999999999999999999999999999999999999999999999999999999999999999999999999999999999999999999999999999999999999999999999999999999999999999999999999999999999999999999999999999999999999999999999999999999999999999999999999999999999999999999999999999999999999999999999999999999999999999999999999999999999999999999999999999999999999999999999999999999999997
-0.0271448792100967642843251387584955584300586942155005494765699436878583114480720863643007031721671261447979306527767502512638541470540238529214444390251478845999999999999999999999999999999999999999999999999999999999999999999999999999999999999999999999999999999999999999999999999999999999999999999999999999999999999999999999999999999999999999999999999999999999999999999999999999999999999999999999999999999999999999999999999999999999999999999999999999999999999999999999999999999999999999999999999999999999999999999999999999999999999999999999999999999999999999999999999999999999999999999999999999999999999999999999999999999
0.320244216696668131744530087694324120205509286640299327258994463501814282924984283562719281103682317392533414809654581134820007260874039724325772431303882929999999999999999999999999999999999999999999999999999999999999999999999999999999999999999999999999999999999999999999999999999999999999999999999999999999999999999999999999999999999999999999999999999999999999999999999999999999999999999999999999999999999999999999999999999999999999999999999999999999999999999999999999999999999999999999999999999999999999999999999999999999999999999999999999999999999999999999999999999999999999999999999999999999999999999999999999999996
-1.26609197378002596757788868229562924351758004352243711607831925925678354838317426547841784180371664186077939773425140243748679031938891476008182481901373782999999999999999999999999999999999999999999999999999999999999999999999999999999999999999999999999999999999999999999999999999999999999999999999999999999999999999999999999999999999999999999999999999999999999999999999999999999999999999999999999999999999999999999999999999999999999999999999999999999999999999999999999999999999999999999999999999999999999999999999999999999999999999999999999999999999999999999999999999999999999999999999999999999999999999999999999999997
0.152105089666210992802253449036996540113179655893398855803950248139716429968104126501864289201437638418512819628398454979219331295694128055621257055527191825
2.09750150928239547713537488272595830307938152336487585625707021495626289602781108115709475809014414994491308367978371766681135740012773281124572277246346863000000000000000000000000000000000000000000000000000000000000000000000000000000000000000000000000000000000000000000000000000000000000000000000000000000000000000000000000000000000000000000000000000000000000000000000000000000000000000000000000000000000000000000000000000000000000000000000000000000000000000000000000000000000000000000000000000000000000000000000000000000000000000000000000000000000000000000000000000000000000000000000000000000000000000000000000000002
-1.47294234448646088936477224423425212181478399549073607298545182706988096953213180800590177236638589786333762132981001285036335916451547036370707741276421595
0.0942163088907883144867565047088370479126295347478513047535119559860001876331476969717693514624329291918956311923973652695105987912799428491368934528177929100999999999999999999999999999999999999999999999999999999999999999999999999999999999999999999999999999999999999999999999999999999999999999999999999999999999999999999999999999999999999999999999999999999999999999999999999999999999999999999999999999999999999999999999999999999999999999999999999999999999999999999999999999999999999999999999999999999999999999999999999999999999999999999999999999999999999999999999999999999999999999999999999999999999999999999999999999995
2.40031715905599332052389529299592383551409997379093660476004848756135204180804416160268946534635885701221437837104608215096668329988228733129694277664247576999999999999999999999999999999999999999999999999999999999999999999999999999999999999999999999999999999999999999999999999999999999999999999999999999999999999999999999999999999999999999999999999999999999999999999999999999999999999999999999999999999999999999999999999999999999999999999999999999999999999999999999999999999999999999999999999999999999999999999999999999999999999999999999999999999999999999999999999999999999999999999999999999999999999999999999999999998
-0.0269884924085065275743588320690457603524642595267789765573667183202972717107233482447831748940046415758847483563536903393106712659880819703588442069891272586
0.0742724154742114838393704320096274974570749718076723669229910109550244380638517263715902145940396596718865197893524748827966449515734556740560970404373108286999999999999999999999999999999999999999999999999999999999999999999999999999999999999999999999999999999999999999999999999999999999999999999999999999999999999999999999999999999999999999999999999999999999999999999999999999999999999999999999999999999999999999999999999999999999999999999999999999999999999999999999999999999999999999999999999999999999999999999999999999999999999999999999999999999999999999999999999999999999999999999999999999999999999999999999999999996
0.501974466492434216448399450347705389824328301407046354752468332411554550924962213552026609237083233834132045019863517880344385429605448559450731593512570084000000000000000000000000000000000000000000000000000000000000000000000000000000000000000000000000000000000000000000000000000000000000000000000000000000000000000000000000000000000000000000000000000000000000000000000000000000000000000000000000000000000000000000000000000000000000000000000000000000000000000000000000000000000000000000000000000000000000000000000000000000000000000000000000000000000000000000000000000000000000000000000000000000000000000000000000000007
0.0713253842854312965451741009048885231887442152602826197962091191352166202602095974433172252498419761416630991796471675811048537136370529255003065786652839939000000000000000000000000000000000000000000000000000000000000000000000000000000000000000000000000000000000000000000000000000000000000000000000000000000000000000000000000000000000000000000000000000000000000000000000000000000000000000000000000000000000000000000000000000000000000000000000000000000000000000000000000000000000000000000000000000000000000000000000000000000000000000000000000000000000000000000000000000000000000000000000000000000000000000000000000000014
0.204722298761933280558958689451499292077331234699477792964251918484186939585224604513501274522517294608068408177360174981220537070392198809057093414140734831
0.147705434985989722608097327286279297452521276825520865564079619014017451165751858119564676396517835744249927833776664674533578826594482222719889027286548229999999999999999999999999999999999999999999999999999999999999999999999999999999999999999999999999999999999999999999999999999999999999999999999999999999999999999999999999999999999999999999999999999999999999999999999999999999999999999999999999999999999999999999999999999999999999999999999999999999999999999999999999999999999999999999999999999999999999999999999999999999999999999999999999999999999999999999999999999999999999999999999999999999999999999999999999999997
0.113312266990416203988151098726384648191812485329003020627483473299946686855871786749874526259022050342772696195697045594406347584533667114984620514151904509999999999999999999999999999999999999999999999999999999999999999999999999999999999999999999999999999999999999999999999999999999999999999999999999999999999999999999999999999999999999999999999999999999999999999999999999999999999999999999999999999999999999999999999999999999999999999999999999999999999999999999999999999999999999999999999999999999999999999999999999999999999999999999999999999999999999999999999999999999999999999999999999999999999999999999999999999999
0.377577283394472472445821178100183251877755491699041474655846109125632542170826647625432044115396314053235467674049849716762752514077735610165876760001122555000000000000000000000000000000000000000000000000000000000000000000000000000000000000000000000000000000000000000000000000000000000000000000000000000000000000000000000000000000000000000000000000000000000000000000000000000000000000000000000000000000000000000000000000000000000000000000000000000000000000000000000000000000000000000000000000000000000000000000000000000000000000000000000000000000000000000000000000000000000000000000000000000000000000000000000000000001
0.220242149848733919911712528206396830018403382418837061394197813244900094609131233908993056547090582581714785078263938777259327856439458067098047402202622100999999999999999999999999999999999999999999999999999999999999999999999999999999999999999999999999999999999999999999999999999999999999999999999999999999999999999999999999999999999999999999999999999999999999999999999999999999999999999999999999999999999999999999999999999999999999999999999999999999999999999999999999999999999999999999999999999999999999999999999999999999999999999999999999999999999999999999999999999999999999999999999999999999999999999999999999999997
2.32869436433964822580293701595441750478572411219966423382316553785676595419142933082050406457913830234935261936014450162209039186056809702411565890711585884999999999999999999999999999999999999999999999999999999999999999999999999999999999999999999999999999999999999999999999999999999999999999999999999999999999999999999999999999999999999999999999999999999999999999999999999999999999999999999999999999999999999999999999999999999999999999999999999999999999999999999999999999999999999999999999999999999999999999999999999999999999999999999999999999999999999999999999999999999999999999999999999999999999999999999999999999999
-1.96791559933214272550490898701463237419938546428400858684819320161257151746169420614665609789938347856119745678141029753936350530105059622518540940434874181000000000000000000000000000000000000000000000000000000000000000000000000000000000000000000000000000000000000000000000000000000000000000000000000000000000000000000000000000000000000000000000000000000000000000000000000000000000000000000000000000000000000000000000000000000000000000000000000000000000000000000000000000000000000000000000000000000000000000000000000000000000000000000000000000000000000000000000000000000000000000000000000000000000000000000000000000001
-0.0719104652411280966437128339727498606743100073625372036524997319146737603655647929581475936012637707658781115267450381711553145152429981833268107379437742935999999999999999999999999999999999999999999999999999999999999999999999999999999999999999999999999999999999999999999999999999999999999999999999999999999999999999999999999999999999999999999999999999999999999999999999999999999999999999999999999999999999999999999999999999999999999999999999999999999999999999999999999999999999999999999999999999999999999999999999999999999999999999999999999999999999999999999999999999999999999999999999999999999999999999999999999999993

1602 2048 123138 61406
0.461751044380654587003585567585783393571157899112387297212753131400644199262740439824296681564644336143734988106635301501755578456131372954190414189787721246140230281464001626951233506198119054031300769381496561885298913659974723194855876728330962010928474805546965646054361781025250301519034847990827484647930689436491290529812532568304820191879075169264626968153796014752639834836718720641414833331678343950919224718261900479255217258336987123407534332488310004088559824775899803482328981903289191707399278408842138250796646177423872736406726614921824738498005420403031330117327890214273096541751370265292866017462041
-0.0271448792100967642843251387584955584300586942155005494765699436878583114480720863643007031721671261447979306527767502512638541827390414418637255648142327365884845806814018138329035366610630615002768554210235189709353369353218105290913570516970899518226040273451371320988723984479365549043779204940544367397602066221495426821976010874436810743951049660957084166039695574018283461261348045891734167120281131713966815968436575561889988748104196462455729722355734033628285769138989718651549901149706175802105000006536019049211433256301118172722495308827471119545557216170735335086304929647582387282022633797448576633070715
0.320244216696668131744530087694324120205509286640299327258994463501814282924984283562719281103682317392533414809654581134820007297813392719838572290493415965825478805010981444176612505106170249011476155644718892617960222918310655271420104003214841670719646807397985349222280396372427912486226717889782293746664132361878960808738444467448918914455649614466653415773808078915571365955372774509137976228646444728292184818635478739831272966646702449968218367810767803523376147384637072111240431643490204410018774091797726093941075712149548771017401340390546880429914112404122211665705839888633811331992547171842969263057885
-1.26609197378002596757788868229562924351758004352243711607831925925678354838317426547841784180371664186077939773425140243748679034780381468213260175981061964666953431871795839636771563104211879713129142278944358664632871594186817740285461803730427567175557926825244914879678698978593229356304243890863910760627900753404173461069466137280843911877798063823771026351745614207710715067054696632247674428441672736325263659126001492235628927890009966959865501013179676719439562971525919660814500185842230102267838232334725780512869538419452158186080360299193766888976252691462336483077934270405403817961222338115666678797584
0.152105089666210992802253449036996540113179655893398855803950248139716429968104126501864289201437638418512819628398454979219331313840341800952788716090555606439835754361649492624006446836524934102936975588669163316660213511560790126635847056477000747196238906091768169225332761534454555299516251057799660603552483192434365289674700626269871019533786468582879329250263865458780776822933877822119755404868060685824633617351453378367330610318394728924879785361472227870673330456559257905520979374483375091835051835067370009309081998083363108529724327853995383865761954932876944466394093351186032698086683899122573002060493
2.09750150928239547713537488272595830307938152336487585625707021495626289602781108115709475809014414994491308367978371766681135740484479485185869961254642912410610172851237673383970586786101061945818300058981106762029179921375116724947407396974616127450922712905300773585741484882830703863698227420983948203497116739063037669994372969044939522060962949052150044113492620965748893224493204385687702787461544947053085593737507546065045948776639435474167143519815828257244987597988192230822873186389174171576416829138135004778659650931507614328118706486342813787903424276266818331038764466819976718777239619849683931142604
-1.47294234448646088936477224423425212181478399549073607298545182706988096953213180800590177236638589786333762132981001285036335920858180795960892409820758430217478702072197061154812615674110690867548167285930678054630790202958422697380346129711523997488084257150387927733605599774076052539773624333595117516426140171715283716081815512496586359367000264633020523415147378994359679870245825261602501844243423400557199215999378343611604556821756876380500058002210194281637183271254361697595335432658632048484196384738306781982464389066265354356573214028464123604114330636214834701353730206754615372705293176219624005805152
0.0942163088907883144867565047088370479126295347478513047535119559860001876331476969717693514624329291918956311923973652695105988030308209065976986385677986987024220163586915778635752123754079568403864941825252905114543472686621962050644105396803444753813334175304260630580222962033104076558150442662726353239884822280228680587474946779640738046987884872566659464698417831506354354504671537181851926909753814414199555062148279768986351434540494760138220953010206946679779958165886872818156896941601964459863547937482708727288403395643884888595216396494422916872575539730260196400550573634071316719975988245501544328640133
2.40031715905599332052389529299592383551409997379093660476004848756135204180804416160268946534635885701221437837104608215096668332266620254025368911854077339033823361068985941226731548687452548476166162144117471311971741104598832796965199864284855267735552666728491017360689146848518069448420829300077244853956892988408046621487474282927442080416417518730679725092410431609067335908762157091799776483297067670203788917273345337661960850232761625101500879396931995333706913403627627980318301656371136096299785846705930932658744630788061284145072561281219600428082594889514598009576725731925759402255332788633832288825621
-0.0269884924085065275743588320690457603524642595267789765573667183202972717107233482447831748940046415758847483563536903393106712626831372385824505135255505268615774211406823307953650437927988155863623035243428288287517936500221447698650458518517430678540254371146740600997162772198641913304627581517295111570112773173576323499508881527259481761972262715924671926451485836614665392470857841499460037007019801889345295768732735120938150227371972127497449126120451770476837178168793684221400882361587411828716576223187598207756604845261813650382892499632122172339344943739242539790346353446423054489433373580637589900740121
0.074272415474211483839370432009627497457074971807672366922991010955024438063851726371590214594039659671886519789352474882796645046680759409625148373777528605948308634574515636833816402339734836797885723910787385308523697219972433122957996481669124185975639502113215292431395659402951236187852340035858647160071157562573406668661522480238254463376487898048429972323704380753288992541208945304016235181205513383798321822190038236901567764183728070436525191454349962688746432780552740164729695600313533851553695301541742086243618118372341920673913830841242861506201691558399398332778927640524865067971086287508702513077301
0.501974466492434216448399450347705389824328301407046354752468332411554550924962213552026609237083233834132045019863517880344385450015410490686395044226273096154199570487947537423691704718488860070579802703397655874215692915460312144953792689664129492259266610432123636429644091211158330428239829640527244588581158088691926328027270039185181325846533759054715065276282543915739963335142902530896777610849318413130809045010823465462136135655167905009915803487889083816219958010268814025541442646826335649726486818107590674186721995002611045395408827770237237647460766323304335723805070580472209979197119973303548487688635
0.0713253842854312965451741009048885231887442152602826197962091191352166202602095974433172252498419761416630991796471675811048537630905350355287085845841570208248718646145468973483205527067866190586346757714349857485467654688824432642735337042078783228787092341903573947055545157050937308485442410207199607364565705007041492972613694239435772388931233572818011339872224865512620767780155674966888251493794476887687736060442050922023634403602529675993568855568275328647539518276120192451087935534773418267110853704790046799011640635932169138746592548377376846768239474767013136141485369716922458624840220833061725079321024
0.204722298761933280558958689451499292077331234699477792964251918484186939585224604513501274522517294608068408177360174981220536994292067557124776585000912936429208623837405419499699768133688044920151900491037690954936556717891948031528207658649785326446663922157321317882386045672324685692495290641290049799224016926024829885934999602373626970797274942316312041812915701056960967318542060133493954517484864581521651010409447989700351097746059432030506171654040453186553980388500131307353127903348282348561689494496046455884714301773404337049440702403951530146113617637118110845414564655583488524090227288969573458131884
0.147705434985989722608097327286279297452521276825520865564079619014017451165751858119564676396517835744249927833776664674533578745921227507034971412411128340643411306485584508894471572101301639152747897123342282113777287677792863436286469465809082672439720731106982358551019688008472016842868298661604097715667096922005687820114838454259360001086580043298741786599874887722748000027090524534904207541080855932780444516345485215733581562054791624923695947846892967443725676993066295257266940296034506323447043015375616103783781521258425783006577384146830686023399977004476841483852900151727190566257544366912003033170917
0.113312266990416203988151098726384648191812485329003020627483473299946686855871786749874526259022050342772696195697045594406347595605709899666133428173924628508984946864616447502480650712499284699919202009912867561613380449710585515531729887254116258513523679724586459265834463098387618753975588088855991017136800984839061699005245655507823959871070969817371166736038888453154807674729441645353315172317292554864481816728672134929322401279890456339598457626677620447043148235108825740768667890845728119340861659051161489278910693069893419899200853998966052248000346978679492333421493349180903896946164290317328370268518
0.377577283394472472445821178100183251877755491699041474655846109125632542170826647625432044115396314053235467674049849716762752540782704631426899597434850677577483651095318045539491027018003409819669830525280750296557657492598509716528957869449377609801298667210550034980273975274952115540895257055842598473358598548114793972834356890303669741331157840401578263965388527128004137750541170373456819320324309385590512088957455886782178075771118992988888279282438909733276790713151099565711953818885434650208517308075282045128817717782276935698888006152236454837980494975712433653340777980353724885394083817353311820441318
0.220242149848733919911712528206396830018403382418837061394197813244900094609131233908993056547090582581714785078263938777259327827624182982543637092008991239858268880224787918590985418075223806683787755675508101447592682511084135805431610854436471941564173926834933823987938089599955035553741906968607350130255770757494585799093476444466411709124892836291743488963495129675922837353564457689664428278186057602555444472845186169337105967141021043228969724654840400691622161016242949809376907929362101575401681086967571846475251185001230500639488551676320593602063354905224372652840799776203244723118150828580598620488392
2.3286943643396482258029370159544175047857241121996642338231655378567659541914293308205040645791383023493526193601445016220903918645455662899290833108211339278013681716550312603968663725834319996506840352223868611017338175714733143850158835034247710766401442545422135756427060658515149489588201721735261648735964078676641891209919206655378147899501843998784239905854371170492951160175101448879829284201209405169542875787498926542710567880930347369223257992337350746744745592840711604431738378252599536584818506937313447067711120723161117477982506473671252209285168829586107890205834655377546077440189717438141417184547
-1.96791559933214272550490898701463237419938546428400858684819320161257151746169420614665609789938347856119745678141029753936350529727635009572850164623516739499815214553400069419542676737515255503188184862606055659929833364570908332233813549568156172071722841148666517258750860075680766704791784479432944679502265396403574365604964534311493446861208011778126624135632093630619054929959919916484957637870575238594358356018693558846275190409923959854400148988683578470386911894210058014798265348037710846966749555974312677964458990277374211745888638061486858754636240572707074448873241989519945986636425800261503931160081
-0.0719104652411280966437128339727498606743100073625372036524997319146737603655647929581475936012637707658781115267450381711553145312818137078372517822037330787479535043057529778343967010140059458221789748070280238081992043791574621001700466188831751658019121168256187212892439930680020517595150794925026576993249241940768869358753543127007857316652259286078506688940387260001863494967460154316079148122428476740211423970942712568569113281858256309357807709108562208425475403064734554110487139839761095337654151880822333080095017653957704865769416785797797340701986740911563431714541167482930213831131126774503412180520887

