0 128 -332 -403
0.6733416114814234919733966997865852750985
0.677172901220344121556140199746361775655
0.1472136361991362151723159021152459821881
0.0889416715302518480840780679672922619231
0.3041514579284220479472047588217934378216
0.3537910591264245491447395730472333749418
0.06204021566551660792204293878358449405089
0.863041827756209078275404987888205898586
0.8146201939081187386134107148640093678655
0.5216174880313340353685321812720419311332
0.1645572683996289512825930456476743193838
0.4553144240896805481693508436215849284431
0.117434254924987272574726873354298234797
0.839595182391041135140133278026944961968
0.4049787715328452261501624180061583757517
0.4741731943329734881095378859286446417999
0.3959691092098158362548365123881240874136
0.7865562394638267188273122917713829105311
0.8869094200367022030067903022968701561584
0.9630237520711049541116742907453199762921
0.7048494719663942294649069025938865209168

320 128 6465 3184
0.284209413181850979822746851917863693825
0.4510042448065326866703489278709701480655
0.5373680659297654810544898523801131118093
-0.1101456725231245758088986688891762449014
0.7485759230751028664338614566736041635509
0.09594408684894766384336457277131344231866
-0.1807109101081243680774454810521563969981
0.08566472400424897827552717419941892399823
-0.1447462688960910406390876813926381011571
0.2429135870658574869611313097491417788427
-0.3168750231068506803698598184065423334961
0.1460669429624596911634838630887747605815
-0.1436316204756366722145149954820072046251
0.5077443709386462947986531074798776407413
0.8066953296813813666222378433200019073874
-0.038725885268418772989639715733216610149
0.4206117395675340094750229064839682501525
-0.08645338117361339416726856834469556742349
0.4188045289595864325848809335813199431249
0.1278149111461483005655347794336437704388
0.1579480867687634245314696645789782879264

320 256 6441 3144
0.2842094131818509798227468519178636938249999999999999999999999999999999999778708
0.4510042448065326866703489278709701480654999999999999999999999999999999999987978
0.537368065929765481054489852380113111809299999999999999999999999999999999894339
-0.1101456725231245758088986688891762449014000000000000000000000000000000000294701
0.7485759230751028664338614566736041635508999999999999999999999999999999999491832
0.09594408684894766384336457277131344231866000000000000000000000000000000000289842
-0.1807109101081243680774454810521563969980999999999999999999999999999999999968714
0.08566472400424897827552717419941892399823000000000000000000000000000000000452417
-0.1447462688960910406390876813926381011570999999999999999999999999999999999970892
0.2429135870658574869611313097491417788426999999999999999999999999999999999908512
-0.3168750231068506803698598184065423334961000000000000000000000000000000000302486
0.1460669429624596911634838630887747605815000000000000000000000000000000000077773
-0.1436316204756366722145149954820072046250999999999999999999999999999999999980394
0.507744370938646294798653107479877640741299999999999999999999999999999999976846
0.8066953296813813666222378433200019073874000000000000000000000000000000000095567
-0.03872588526841877298963971573321661014900000000000000000000000000000000001033429
0.420611739567534009475022906483968250152500000000000000000000000000000000004163
-0.08645338117361339416726856834469556742349000000000000000000000000000000001762079
0.4188045289595864325848809335813199431249000000000000000000000000000000002551081
0.1278149111461483005655347794336437704388000000000000000000000000000000000228081
0.1579480867687634245314696645789782879264000000000000000000000000000000000617325

339 256 12947 6417
0.2842094131818509798227468519178860726390460672112208347631538287251809043372896
0.4510042448065326866703489278708769194128234476731616507211073683809674147508714
0.53736806592976548105448985237999200744166862172570637682102551846372125914079
-0.1101456725231245758088986688892021004825443611490754393563566463240344045521445
0.7485759230751028664338614566736011210765827464589122641376519254029094042274212
0.09594408684894766384336457277131668381724803133628303990204227877168641878857676
-0.1807109101081243680774454810521317935396944541886037158130138749295017462773143
0.08566472400424897827552717419940708188156379151817852435594406487703888421110525
-0.1447462688960910406390876813926663243531028710604036925090021474524309298199256
0.2429135870658574869611313097491296261977352433106085494982098177482866121548044
-0.3168750231068506803698598184065944845788103314669131437611001894959894478553133
0.1460669429624596911634838630887595064814383198265380243871324232496944074603087
-0.1436316204756366722145149954819900516111502334411828514100972245878408324648779
0.5077443709386462947986531074798684063277919346271149177173549378090233404413999
0.8066953296813813666222378433199566233807303104544430530667100529598305041663839
-0.03872588526841877298963971573317197633863555215396627011250615568226089730769503
0.4206117395675340094750229064839532188348992980134108569963645695179285686337589
-0.08645338117361339416726856834471237104705284395461144939935042215133117944844427
0.4188045289595864325848809335813112461002570245687282206247959244114064261514162
0.1278149111461483005655347794336140447378268459498023364010596646231889724907357
0.1579480867687634245314696645790058377127052275766363054896364192872995758133833

339 512 12963 6402
0.284209413181850979822746851917886072639046067211220834763153828725180904337289599999999999999999999999999999999999999999999999999999999999999999997996280587
0.451004244806532686670348927870876919412823447673161650721107368380967414750871400000000000000000000000000000000000000000000000000000000000000000024110261228
0.53736806592976548105448985237999200744166862172570637682102551846372125914078999999999999999999999999999999999999999999999999999999999999999999999566046701
-0.110145672523124575808898668889202100482544361149075439356356646324034404552144499999999999999999999999999999999999999999999999999999999999999999992939827056
0.748575923075102866433861456673601121076582746458912264137651925402909404227421199999999999999999999999999999999999999999999999999999999999999999999514725643
0.0959440868489476638433645727713166838172480313362830399020422787716864187885767599999999999999999999999999999999999999999999999999999999999999999690754910928
-0.180710910108124368077445481052131793539694454188603715813013874929501746277314300000000000000000000000000000000000000000000000000000000000000000006151860107
0.0856647240042489782755271741994070818815637915181785243559440648770388842111052500000000000000000000000000000000000000000000000000000000000000000000005891888
-0.1447462688960910406390876813926663243531028710604036925090021474524309298199256000000000000000000000000000000000000000000000000000000000000000002521745447
0.242913587065857486961131309749129626197735243310608549498209817748286612154804399999999999999999999999999999999999999999999999999999999999999999976741562755
-0.316875023106850680369859818406594484578810331466913143761100189495989447855313299999999999999999999999999999999999999999999999999999999999999999995810079369
0.146066942962459691163483863088759506481438319826538024387132423249694407460308700000000000000000000000000000000000000000000000000000000000000000088905471905
-0.143631620475636672214514995481990051611150233441182851410097224587840832464877899999999999999999999999999999999999999999999999999999999999999999939530219571
0.507744370938646294798653107479868406327791934627114917717354937809023340441399899999999999999999999999999999999999999999999999999999999999999999967739419199
0.806695329681381366622237843319956623380730310454443053066710052959830504166383899999999999999999999999999999999999999999999999999999999999999999971378604084
-0.038725885268418772989639715733171976338635552153966270112506155682260897307695030000000000000000000000000000000000000000000000000000000000000000000071057667
0.420611739567534009475022906483953218834899298013410856996364569517928568633758899999999999999999999999999999999999999999999999999999999999999999960773500421
-0.0864533811736133941672685683447123710470528439546114493993504221513311794484442700000000000000000000000000000000000000000000000000000000000000000012153360002
0.418804528959586432584880933581311246100257024568728220624795924411406426151416200000000000000000000000000000000000000000000000000000000000000000009771700152
0.12781491114614830056553477943361404473782684594980233640105966462318897249073570000000000000000000000000000000000000000000000000000000000000000002481369373
0.157948086768763424531469664579005837712705227576636305489636419287299575813383300000000000000000000000000000000000000000000000000000000000000000162094532048

361 512 25897 12907
0.284209413181850979822746851917886072639046067211220834763153828746683888165306696834237453388844664712672307120068009976786652581900398267812610241054552757
0.451004244806532686670348927870876919412823447673161650721107368395563836974254656126159497249838123497213796282316018149231316539867556472004379249875042792
0.537368065929765481054489852379992007441668621725706376821025518419381384345870956529373884861481130152211419214760577737576235867284484081558062160264153658
-0.110145672523124575808898668889202100482544361149075439356356646324919179945675332423451738401273830982201790150223169931219932951991815213195600208115669479
0.748575923075102866433861456673601121076582746458912264137651925365647066254162732832141441443793051483504044806305810957875549021615761741102877846204166822
0.0959440868489476638433645727713166838172480313362830399020422787898596823675880325124941871565254189372915683159082097714904143609114643730939120057072251252
-0.180710910108124368077445481052131793539694454188603715813013874828048831985612861235072405510637525098462310392902683078843345442437013174967748895060635514
0.0856647240042489782755271741994070818815637915181785243559440647352758105013758179499189065534528665171666399245080240359298204429505630366442388271512856025
-0.14474626889609104063908768139266632435310287106040369250900214746580575223261624910774442794461171327301757032803798679500718908801144546330305982049917557
0.242913587065857486961131309749129626197735243310608549498209817746145399355634872774483871341250456808698391580687430977213219661379832219089057161530610956
-0.316875023106850680369859818406594484578810331466913143761100189467652115678336487759156924719486981166519536431567004074140185626264388078912388080700347745
0.146066942962459691163483863088759506481438319826538024387132423314965810779157480152165527613269309871738920871034327507810178877497981115218769757713585179
-0.143631620475636672214514995481990051611150233441182851410097224684348723831501325908001399546814836269557141870398775709433915429763988986901260766282646719
0.50774437093864629479865310747986840632779193462711491771735493787220952091931087692475002593516378913774653380560566519226555294321229447665965563246212567
0.80669532968138136662223784331995662338073031045444305306671005296482550781136945659024277071786871842659122362532578708349836923052593316538015804546160994
-0.038725885268418772989639715733171976338635552153966270112506155658035815697492932784653843374060343986907787685253612508116750804868137076246969901746314151
0.42061173956753400947502290648395321883489929801341085699636456951312686589710696446650795644907551590540503271193645819875425835322045997169812839456303261
-0.0864533811736133941672685683447123710470528439546114493993504222193070768409023957680081638321939097144790998476673764879588627050575715414402869728046535361
0.418804528959586432584880933581311246100257024568728220624795924478918341005893001585493515065592416982332186155432057309447624383530311221397711459437971817
0.127814911146148300565534779433614044737826845949802336401059664582382600831069809716306966673574428359173194917527629078145532129892838083973864547226633809
0.157948086768763424531469664579005837712705227576636305489636419302915084804325552784353569018011892454476473748024844409728198643210397051983293755138197836

361 2048 25916 12929
0.284209413181850979822746851917886072639046067211220834763153828746683888165306696834237453388844664712672307120068009976786652581900398267812610241054552756999999999999999999999999999999999999999999999999999999999999999999999999999999999999999999999999999999999999999999999999999999999999999999999999999999999999999999999999999999999999999999999999999999999999999999999999999999999999999999999999999999999999999999999999999999999999999999999999999999999999999999999999999999999999999999999999999999999999999999999999999999999999999999999999999999999999999999999999999999999999999999999999999999999999999999999999999998
0.451004244806532686670348927870876919412823447673161650721107368395563836974254656126159497249838123497213796282316018149231316539867556472004379249875042791999999999999999999999999999999999999999999999999999999999999999999999999999999999999999999999999999999999999999999999999999999999999999999999999999999999999999999999999999999999999999999999999999999999999999999999999999999999999999999999999999999999999999999999999999999999999999999999999999999999999999999999999999999999999999999999999999999999999999999999999999999999999999999999999999999999999999999999999999999999999999999999999999999999999999999999999999998
0.537368065929765481054489852379992007441668621725706376821025518419381384345870956529373884861481130152211419214760577737576235867284484081558062160264153658
-0.110145672523124575808898668889202100482544361149075439356356646324919179945675332423451738401273830982201790150223169931219932951991815213195600208115669478999999999999999999999999999999999999999999999999999999999999999999999999999999999999999999999999999999999999999999999999999999999999999999999999999999999999999999999999999999999999999999999999999999999999999999999999999999999999999999999999999999999999999999999999999999999999999999999999999999999999999999999999999999999999999999999999999999999999999999999999999999999999999999999999999999999999999999999999999999999999999999999999999999999999999999999999999999
0.748575923075102866433861456673601121076582746458912264137651925365647066254162732832141441443793051483504044806305810957875549021615761741102877846204166821999999999999999999999999999999999999999999999999999999999999999999999999999999999999999999999999999999999999999999999999999999999999999999999999999999999999999999999999999999999999999999999999999999999999999999999999999999999999999999999999999999999999999999999999999999999999999999999999999999999999999999999999999999999999999999999999999999999999999999999999999999999999999999999999999999999999999999999999999999999999999999999999999999999999999999999999999997
0.0959440868489476638433645727713166838172480313362830399020422787898596823675880325124941871565254189372915683159082097714904143609114643730939120057072251252000000000000000000000000000000000000000000000000000000000000000000000000000000000000000000000000000000000000000000000000000000000000000000000000000000000000000000000000000000000000000000000000000000000000000000000000000000000000000000000000000000000000000000000000000000000000000000000000000000000000000000000000000000000000000000000000000000000000000000000000000000000000000000000000000000000000000000000000000000000000000000000000000000000000000000000000000014
-0.180710910108124368077445481052131793539694454188603715813013874828048831985612861235072405510637525098462310392902683078843345442437013174967748895060635514
0.085664724004248978275527174199407081881563791518178524355944064735275810501375817949918906553452866517166639924508024035929820442950563036644238827151285602500000000000000000000000000000000000000000000000000000000000000000000000000000000000000000000000000000000000000000000000000000000000000000000000000000000000000000000000000000000000000000000000000000000000000000000000000000000000000000000000000000000000000000000000000000000000000000000000000000000000000000000000000000000000000000000000000000000000000000000000000000000000000000000000000000000000000000000000000000000000000000000000000000000000000000000000000001
-0.144746268896091040639087681392666324353102871060403692509002147465805752232616249107744427944611713273017570328037986795007189088011445463303059820499175570000000000000000000000000000000000000000000000000000000000000000000000000000000000000000000000000000000000000000000000000000000000000000000000000000000000000000000000000000000000000000000000000000000000000000000000000000000000000000000000000000000000000000000000000000000000000000000000000000000000000000000000000000000000000000000000000000000000000000000000000000000000000000000000000000000000000000000000000000000000000000000000000000000000000000000000000000004
0.242913587065857486961131309749129626197735243310608549498209817746145399355634872774483871341250456808698391580687430977213219661379832219089057161530610956
-0.316875023106850680369859818406594484578810331466913143761100189467652115678336487759156924719486981166519536431567004074140185626264388078912388080700347745000000000000000000000000000000000000000000000000000000000000000000000000000000000000000000000000000000000000000000000000000000000000000000000000000000000000000000000000000000000000000000000000000000000000000000000000000000000000000000000000000000000000000000000000000000000000000000000000000000000000000000000000000000000000000000000000000000000000000000000000000000000000000000000000000000000000000000000000000000000000000000000000000000000000000000000000000001
0.146066942962459691163483863088759506481438319826538024387132423314965810779157480152165527613269309871738920871034327507810178877497981115218769757713585178999999999999999999999999999999999999999999999999999999999999999999999999999999999999999999999999999999999999999999999999999999999999999999999999999999999999999999999999999999999999999999999999999999999999999999999999999999999999999999999999999999999999999999999999999999999999999999999999999999999999999999999999999999999999999999999999999999999999999999999999999999999999999999999999999999999999999999999999999999999999999999999999999999999999999999999999999999
-0.143631620475636672214514995481990051611150233441182851410097224684348723831501325908001399546814836269557141870398775709433915429763988986901260766282646719
0.507744370938646294798653107479868406327791934627114917717354937872209520919310876924750025935163789137746533805605665192265552943212294476659655632462125669999999999999999999999999999999999999999999999999999999999999999999999999999999999999999999999999999999999999999999999999999999999999999999999999999999999999999999999999999999999999999999999999999999999999999999999999999999999999999999999999999999999999999999999999999999999999999999999999999999999999999999999999999999999999999999999999999999999999999999999999999999999999999999999999999999999999999999999999999999999999999999999999999999999999999999999999999996
0.80669532968138136662223784331995662338073031045444305306671005296482550781136945659024277071786871842659122362532578708349836923052593316538015804546160994000000000000000000000000000000000000000000000000000000000000000000000000000000000000000000000000000000000000000000000000000000000000000000000000000000000000000000000000000000000000000000000000000000000000000000000000000000000000000000000000000000000000000000000000000000000000000000000000000000000000000000000000000000000000000000000000000000000000000000000000000000000000000000000000000000000000000000000000000000000000000000000000000000000000000000000000000001
-0.0387258852684187729896397157331719763386355521539662701125061556580358156974929327846538433740603439869077876852536125081167508048681370762469699017463141509999999999999999999999999999999999999999999999999999999999999999999999999999999999999999999999999999999999999999999999999999999999999999999999999999999999999999999999999999999999999999999999999999999999999999999999999999999999999999999999999999999999999999999999999999999999999999999999999999999999999999999999999999999999999999999999999999999999999999999999999999999999999999999999999999999999999999999999999999999999999999999999999999999999999999999999999999999
0.420611739567534009475022906483953218834899298013410856996364569513126865897106964466507956449075515905405032711936458198754258353220459971698128394563032609999999999999999999999999999999999999999999999999999999999999999999999999999999999999999999999999999999999999999999999999999999999999999999999999999999999999999999999999999999999999999999999999999999999999999999999999999999999999999999999999999999999999999999999999999999999999999999999999999999999999999999999999999999999999999999999999999999999999999999999999999999999999999999999999999999999999999999999999999999999999999999999999999999999999999999999999999997
-0.0864533811736133941672685683447123710470528439546114493993504222193070768409023957680081638321939097144790998476673764879588627050575715414402869728046535360999999999999999999999999999999999999999999999999999999999999999999999999999999999999999999999999999999999999999999999999999999999999999999999999999999999999999999999999999999999999999999999999999999999999999999999999999999999999999999999999999999999999999999999999999999999999999999999999999999999999999999999999999999999999999999999999999999999999999999999999999999999999999999999999999999999999999999999999999999999999999999999999999999999999999999999999999996
0.418804528959586432584880933581311246100257024568728220624795924478918341005893001585493515065592416982332186155432057309447624383530311221397711459437971817
0.127814911146148300565534779433614044737826845949802336401059664582382600831069809716306966673574428359173194917527629078145532129892838083973864547226633809000000000000000000000000000000000000000000000000000000000000000000000000000000000000000000000000000000000000000000000000000000000000000000000000000000000000000000000000000000000000000000000000000000000000000000000000000000000000000000000000000000000000000000000000000000000000000000000000000000000000000000000000000000000000000000000000000000000000000000000000000000000000000000000000000000000000000000000000000000000000000000000000000000000000000000000000000002
0.157948086768763424531469664579005837712705227576636305489636419302915084804325552784353569018011892454476473748024844409728198643210397051983293755138197836000000000000000000000000000000000000000000000000000000000000000000000000000000000000000000000000000000000000000000000000000000000000000000000000000000000000000000000000000000000000000000000000000000000000000000000000000000000000000000000000000000000000000000000000000000000000000000000000000000000000000000000000000000000000000000000000000000000000000000000000000000000000000000000000000000000000000000000000000000000000000000000000000000000000000000000000000003

381 2048 123367 61641
0.284209413181850979822746851917886072639046067211220834763153828746683888165306696834237453388844664712672307120068009976786652580708980096578491710805210871803584012005167376052555609545160843929365771458387162834397558993223945879827549029097379244590580729197588271428359091687295409116019495988409698189646741415447515802809350264206468097721528264968669945851205360939956837523391458997153354936609202599451691664913004523668254714621746898794499958674849515949909036568700553192518338133821027903499359358638307180737096606645130565509442388095759236240842906721678948904724238541414622224426788257302059739230696
0.451004244806532686670348927870876919412823447673161650721107368395563836974254656126159497249838123497213796282316018149231316544222745395940470110200803582427156368821813032161287612195894310844488515635938500473056431766352048373748757972513338222736620753980550819859653479864121365364715951376096508263048851933179848489102510098514693151483537731429810924744719814498197366838804435928420608619670030705450619439816638728346799808514532687517862197229199967418279405153901440362930109000342735035844433178767630648142663755058178741714016769135432276786001463291572423895126133919026711944349627637737578962908653
0.537368065929765481054489852379992007441668621725706376821025518419381384345870956529373884861481130152211419214760577737576235872372210351076723539319338545904230394001274229071313839351186721519532042707253540017420445880371354402969854841526216306699576911701675939059708256717460918623392662800491040024745890656441395152151281326875638836653259680831430775161295407849377395544512478237235480272852679646893630073105545597280477177642746468309079598306163023538364802279366288199180096168259128654018749838005233285073075340200915420215311284701000568479181562332276724172239198907098357351394995711199593712660709
-0.110145672523124575808898668889202100482544361149075439356356646324919179945675332423451738401273830982201790150223169931219932951788141340310355218527352975966244311796723892137914534219287262087778356063762664310328057772610969774254359882068293861002238267838756156555522687191886139954612976223815356062406516219419483229921564239265377243886899631628964248783458410834511451115806440982573102683099934140741166204724967344278878113930824887760308929669327344600087607109455041973533408589621768729809300181179241459164691780143964608258915763992282348651215629931671102803522644202219344589731603083505211800467025
0.748575923075102866433861456673601121076582746458912264137651925365647066254162732832141441443793051483504044806305810957875549021768138156463338115325970091298015629694227311784271323811451840728357031748137363888967609649530298085964615959291808246565627571501012104116851903375784595540133927097946907827071191952425905172625505426472715563275096371955571532692691451030820914128911057452744560980961342042641866839411224235178030189338896606477270543413179414919138374569956454541449377964958424879972713017576041098702505965495151167790884635632601181599257951289667832160694666527576616479932470203031310060284419
0.0959440868489476638433645727713166838172480313362830399020422787898596823675880325124941871565254189372915683159082097714904143612088312796335293502925357690197616385258155623456625198870112552875856545813654275660251024425200973645726471421876279135280555120546038944099101569466989326485014188407867997497628287117869702510069642785905456185003434622350144857997970565466535706826776145607763076847529772686997802169705276301318457574746904209188274978085523907855936137776839202143795837391052165174122537520869985293914006348203419529764108945700919311629037447761371165371477677814648491019810739367651427678437005
-0.180710910108124368077445481052131793539694454188603715813013874828048831985612861235072405510637525098462310392902683078843345441995870905703081655939752971590023631814083691463003808114872665230504199393718418842831521518889423307352934792795292656919437469202062384609386042882753354723362179451773894338383842190466429776958394233465155558841392728169045222926346516746641515140537604010412473011667476451525169412101133731060724650911197578906357109534477207288756325987863013910600450002664881120511272899869906214944131068778511075673754744657945954588208856361611497310009403202396638058134238894111950974970427
0.0856647240042489782755271741994070818815637915181785243559440647352758105013758179499189065534528665171666399245080240359298204428384888641320431528323922582131804535810765851830067615958308563914724607849378501005556259453666133079019714991471551299279902255769598276362955280175396095527388114693048597868231480959550397690826728251644837652778534895503576604265743006784187903913214276880605285376504166841668558626322066586670216852160142711833650785333508886988607128172469832991447217808357021662708030262155705481285578649220826270920821607322332030443538507768599178442186281190343633048514717865106764211705443
-0.144746268896091040639087681392666324353102871060403692509002147465805752232616249107744427944611713273017570328037986795007189086818480902145598013627436739972269397885659909251484517140743984696627490266391739534437153538198535567438984568130148443883306179236313021454506356372971592470988759106634401073828103578543247594144722448193488923126223762927535483971150130391183650073603527526516414562485940910504548968477173862533946678762447211131677789029665860866565607423811380896062510438658447252071090633520064963328606485615307971276018349568476442577772895256082834874997539736699785555828084664327349341775813
0.242913587065857486961131309749129626197735243310608549498209817746145399355634872774483871341250456808698391580687430977213219661766101793694728943389723995016794463586619199292659168668314432290913050634595991241969741682282644623490499656576505477788330373227281388136609089372328788681624350980268708843722606137296793888271885983346789420956025644061589532796815413333313073082485210623769602658811128848068455066003535264777247324341622384890988272870474052633280558588541034210934447424657418563057716295496388592345043450492404919748109135227233092501544364138536309145610749577461504669027192588369867464703481
-0.316875023106850680369859818406594484578810331466913143761100189467652115678336487759156924719486981166519536431567004074140185623546209473109342936046677765894616371512462474401198699612510742112821476909242448271900094831764750222654716000708747496654336606991159771800225880722197148058119647920277314826794966611338907837710540453515564411688495999249710834094636181916873399756343046101582676758732462924476191651511269321616595729176668096482419633442993356929477862667821001489573344196187841653949139270021731039417213784438709024259964959593776686280497665970422033981675660646124442481797653280938788826566746
0.146066942962459691163483863088759506481438319826538024387132423314965810779157480152165527613269309871738920871034327507810178879039965209701822534641339132254824613753873682711482334712717849987710265529809860779874042163178121573350512619878760077240207235150814571957594082411896260610434466498794491112540671591741921488029540434889578759046338294062194778315848808686495476579382964634697524510919696443529975530681073845828203300799622353476054418122524174429983437336896916900066566229501901394759095610060916389060564274177985839762103665431923909119198193793958993090080451695748908280963480147234910850257074
-0.143631620475636672214514995481990051611150233441182851410097224684348723831501325908001399546814836269557141870398775709433915432197359754935108816865127169042396044257762527432771798472041166865154179741961842976149288795068487407553696259685360900192423575489966477634807165811354457397640697392998519135788651376821120059733015157375319501680694445163013603693619092436764966011848133583627798509267867016594622379160283005331680423807549499221811883878577545547568616190588754570484836822898368231145028831021279381385881139497516437226788010683513951361846523418680801487183542260044939744805289638289103558095672
0.507744370938646294798653107479868406327791934627114917717354937872209520919310876924750025935163789137746533805605665192265552944014038060069321366935171391273616468477684738279718792610357201827536176666825930613066813293802087352556387168266726147386023012376377001720346094801946542594323660490081595048524016647151618353196765482339772358478353485534229699853856262681931305692379886417057669418378459440221395437155885837359553371311226830225349824377847570296789808663042522882246495713098772416387162068083617123592074959122287738323854749297264998186746555461972978369547396897228654863375309314428217355584851
0.806695329681381366622237843319956623380730310454443053066710052964825507811369456590242770717868718426591223625325787083498369232689565958273307851335294411408571333538666580842769370761476857162729214454568499855108528169853028704301512472248622172220529934953934675757092869319708802251002218324399747801518929749266488056217249693661532795844498664816299959618550202985211583496428328633455281338702174057319443062834592643760519480873368412002827274821199157750273232858470316277745119076485536073947910422898476908150455690635951883400794555548101730336399440133170864009231354313191819082264153457564764178820686
-0.0387258852684187729896397157331719763386355521539662701125061556580358156974929327846538433740603439869077876852536125081167508058720537696600006857489943996782959357272008376188700810219022505511698876781566614263594119791236445082206282749642542685273968494366924415343506501384349150597608559752705784050432187857405668759558091649409092085612702340732428445100127535889853356532931201723181240361908954117680986060407122078405648585508977053650721797714900581595554757439532460074522776747520929360173504324413305523022337901598761140183767795240126552531924447559654997267053202076469781708933313102560344353429429
0.420611739567534009475022906483953218834899298013410856996364569513126865897106964466507956449075515905405032711936458198754258352493820354430398209822584014639908062319621579610035232573366167272603541103349832210629684430704771825187354206895772141245978939455720950100860938897594996356073588184965786596912238052067086324938682705762450450023296700362684516235048351091402002917256079038156079141326913813579109884759677047978660843350637182500422333988550228330436944823396692951227049849643994567329819120158965639734418351361726903707430594355942406211754043408000517211079951542876995583650549613892228877623118
-0.0864533811736133941672685683447123710470528439546114493993504222193070768409023957680081638321939097144790998476673764879588627043676218842541021681651709276288822570236757719372190722811788953792663187493952823618951065007076821357593286478057176954470603130683075284431783513832878889974992522115940533403928048316043336148561106502321581636905450322626997450530606232691136947200266694050620979533911746333305671306744985849010222466046971429667985438103384884497669759869705010636451270854460869741591772123723449266458702821122368245916139479356485598502097994636474815316368317151055484806921251956752958410611111
0.418804528959586432584880933581311246100257024568728220624795924478918341005893001585493515065592416982332186155432057309447624384887843554467397249985770902070697014690000560204604879115147112432605718524326021233748543242165707858205032915579406615969757922329476740065942815260204063897040301036476186318694931931709678919938560764448562763333616649552827301977902024578242025688971548992599428432209006007675213766896182927714194319461748394887152426837508305725392615375578929674462742360911803626918616318829698292908018568023177062085689178620296868030607421841676068211599032173810178780198340655001427496453954
0.127814911146148300565534779433614044737826845949802336401059664582382600831069809716306966673574428359173194917527629078145532131031396210557187021647289475014976132279965392934232067730300462655561298249585873743470251355546280064967294756859590571321528433364316066319436451396673199491079372172957765163325260797352159109228123365753475814299254563021831244420615009190810371732197243985004460940341397258461117258887477897970405787931701601464429360426101679515081698036957098637029359313235486980049598456778334626732249984104951843434403006392376534793320076430152567640549621429227964204508284198809549918282339
0.157948086768763424531469664579005837712705227576636305489636419302915084804325552784353569018011892454476473748024844409728198641826615534459120372458520935581596983461289076807216973884267403569665648550290216600406039451414566895620275043435202635437191867355486213491288795967250544313066846792464893666503592836215976136706552979208578344595647353398599526929507991997644630034894917561620253475704752965383224826171872919078326154411507669479866602329668333038411193494991025808378253236406894735878493749046676919573417168782257129382467948091045406067720702539783828195113546776837388083228282038228123984044637

