0 128 -265 -359
0.8223775667261980056598477810515468091835
0.4776266472937589264329040171063768622709
0.565100357379050255901641388375970545178
0.3276672336725699835423024509895242069673
0.2089233859196008095407730884549680806523
0.2342942948864744369689206451589375331394
0.3330114740568851895311099764969673071509
0.4880844525916372419154441094519927045669
0.9413388273015317248148161071211685130402
0.949522868161026963435974872252534999231
0.2013466712935922333194168231112085186922
0.1924606814558231978849612858111671415419
0.5905655592260339883141738540510632817722
0.8628895917306304755849685554783163330613
0.2182115650556498959035629217089501939885
0.2641507249554655620904711744437515158027
0.9362953350782571922884627768127047898876
0.5567943507120889403958928982575451374678
0.6604114403917338748634237709176602671235
0.001779845755953781837791010907011358091106
0.7450593326662508766425088409518055990724

149890 128 6429 3160
0.006491195728031747974624475309992623840126
-12.42120565967032539431555739981467159395
12.82922013311826499520841045637213517208
6.633611927723695158923925896612100182293
-6.538617786265007327960445635061450516597
0.3777566905104886637512964350881038237098
-1.97060414404807845572551106368072435599
0.3267526600683604076537628596853300188755
2.362133846738020066575779428269396788975
0.9688233882106963134397679564778154596224
1.187397922537732739515807482579388318196
-1.20510237445609558740203920802525817275
-0.1075228300573585110680638771526947151424
1.108911499650097084151432157452266546306
0.01631578232562427480286344515446940710669
0.4250339212994807960441187243354872260009
-0.2924591948012198511035237513394456798522
0.2209968190757580685624412246561640728462
0.4385512260792578130458459854613027660642
-0.00505624676382484218437192235996912739092
0.212933475110548015635489739246463498819

149890 256 6315 3026
0.006491195728031747974624475309992623840125999999999999999999999999999999999675413
-12.42120565967032539431555739981467159394999999999999999999999999999999999996808
12.82922013311826499520841045637213517207999999999999999999999999999999999985138
6.63361192772369515892392589661210018229300000000000000000000000000000000019125
-6.538617786265007327960445635061450516597000000000000000000000000000000000631086
0.3777566905104886637512964350881038237098000000000000000000000000000000000164787
-1.970604144048078455725511063680724355989999999999999999999999999999999999880561
0.3267526600683604076537628596853300188754999999999999999999999999999999999996806
2.362133846738020066575779428269396788975000000000000000000000000000000000097601
0.9688233882106963134397679564778154596224000000000000000000000000000000000112297
1.187397922537732739515807482579388318196000000000000000000000000000000000042914
-1.205102374456095587402039208025258172750000000000000000000000000000000002039526
-0.1075228300573585110680638771526947151424000000000000000000000000000000000061975
1.108911499650097084151432157452266546306000000000000000000000000000000000232014
0.0163157823256242748028634451544694071066899999999999999999999999999999999916259
0.4250339212994807960441187243354872260009000000000000000000000000000000000586793
-0.2924591948012198511035237513394456798522000000000000000000000000000000000090997
0.2209968190757580685624412246561640728462000000000000000000000000000000000088788
0.4385512260792578130458459854613027660642000000000000000000000000000000000065647
-0.005056246763824842184371922359969127390920000000000000000000000000000000000003605
0.2129334751105480156354897392464634988190000000000000000000000000000000000028366

149913 256 12959 6355
0.006491195728031747974624475368781826350385356616608880767923650504659672575374329
-12.42120565967032539431555739872123110427535300460711980348431950423073347205252
12.82922013311826499520841045712243331918154749398977012416994558304078223155916
6.63361192772369515892392589848085572882816862370559635639183856795402718211689
-6.538617786265007327960445636417772040317769308983091479826620999073906853098961
0.3777566905104886637512964360198139510982474357655578861667583472405949083725354
-1.970604144048078455725511064656979703358019005168568393149633699183090297708978
0.3267526600683604076537628592634637509776203203501642915542044008415272367057633
2.362133846738020066575779430125361112864335473557797075034530762962642392003039
0.9688233882106963134397679612792928138160398755902434607990492164482112326078003
1.187397922537732739515807488422799071951662638861743008430235947830401892659545
-1.20510237445609558740203921236944746250469633722705791311192463393124352559627
-0.1075228300573585110680638708543191107901415149616844246881754223782631709441529
1.108911499650097084151432149881393472194188177863224989034078815572726177025909
0.01631578232562427480286344491957402914898703546377434033578530095617199919982455
0.4250339212994807960441186765611507948475637075874448315678874779488059706756138
-0.2924591948012198511035237016416237556628164994486576573604031494561033177045425
0.2209968190757580685624412267984478101075859608503273212601622373170858654004305
0.4385512260792578130458459820783061944161351047866090842316044216182048489467099
-0.00505624676382484218437192222876203096494921695147735270262197297261407591299142
0.2129334751105480156354897384324809872564809431757537730033709855450379942867321

149915 256 12960 6422
0.006491195728031747974624475368781826350385356616608880767923650504826586852155263
-12.42120565967032539431555739872123110427535300460711980348431950423073347205252
12.82922013311826499520841045712243331918154749398977012416994558304078223155916
6.63361192772369515892392589848085572882816862370559635639183856795402718211689
-6.538617786265007327960445636417772040317769308983091479826620999073906853098961
0.3777566905104886637512964360198139510982474357655578861667583472408916448645904
-1.970604144048078455725511064656979703358019005168568393149633699183090297708978
0.3267526600683604076537628592634637509776203203501642915542044008415272367057633
2.362133846738020066575779430125361112864335473557797075034530762962642392003039
0.9688233882106963134397679612792928138160398755902434607990492164482112326078003
1.187397922537732739515807488422799071951662638861743008430235947830401892659545
-1.20510237445609558740203921236944746250469633722705791311192463393124352559627
-0.1075228300573585110680638708543191107901415149616844246881754223781148026981254
1.108911499650097084151432149881393472194188177863224989034078815572726177025909
0.01631578232562427480286344491957402914898703546377434033578530095591235476927643
0.4250339212994807960441186765611507948475637075874448315678874779488059706756138
-0.2924591948012198511035237016416237556628164994486576573604031494561033177045425
0.2209968190757580685624412267984478101075859608503273212601622373170858654004305
0.4385512260792578130458459820783061944161351047866090842316044216182048489467099
-0.005056246763824842184371922228762030964949216951477352702621972971464222006278319
0.2129334751105480156354897384324809872564809431757537730033709855450379942867321

149915 512 12919 6330
0.00649119572803174797462447536878182635038535661660888076792365050482658685215526300000000000000000000000000000000000000000000000000000000000000000119215468724
-12.4212056596703253943155573987212311042753530046071198034843195042307334720525199999999999999999999999999999999999999999999999999999999999999999714587347661
12.829220133118264995208410457122433319181547493989770124169945583040782231559160000000000000000000000000000000000000000000000000000000000000000000070529014
6.63361192772369515892392589848085572882816862370559635639183856795402718211688999999999999999999999999999999999999999999999999999999999999999999994618071425
-6.53861778626500732796044563641777204031776930898309147982662099907390685309896100000000000000000000000000000000000000000000000000000000000000000054284521955
0.377756690510488663751296436019813951098247435765557886166758347240891644864590399999999999999999999999999999999999999999999999999999999999999999999693564417
-1.97060414404807845572551106465697970335801900516856839314963369918309029770897800000000000000000000000000000000000000000000000000000000000000000028542618975
0.326752660068360407653762859263463750977620320350164291554204400841527236705763299999999999999999999999999999999999999999999999999999999999999999979547557676
2.36213384673802006657577943012536111286433547355779707503453076296264239200303900000000000000000000000000000000000000000000000000000000000000000373846231114
0.968823388210696313439767961279292813816039875590243460799049216448211232607800300000000000000000000000000000000000000000000000000000000000000000007718578595
1.18739792253773273951580748842279907195166263886174300843023594783040189265954499999999999999999999999999999999999999999999999999999999999999999942521311184
-1.20510237445609558740203921236944746250469633722705791311192463393124352559627000000000000000000000000000000000000000000000000000000000000000000200664337689
-0.107522830057358511068063870854319110790141514961684424688175422378114802698125399999999999999999999999999999999999999999999999999999999999999999845851453534
1.10891149965009708415143214988139347219418817786322498903407881557272617702590900000000000000000000000000000000000000000000000000000000000000000007148824523
0.016315782325624274802863444919574029148987035463774340335785300955912354769276430000000000000000000000000000000000000000000000000000000000000000008203790508
0.425033921299480796044118676561150794847563707587444831567887477948805970675613799999999999999999999999999999999999999999999999999999999999999999996462430402
-0.292459194801219851103523701641623755662816499448657657360403149456103317704542499999999999999999999999999999999999999999999999999999999999999999996124802017
0.220996819075758068562441226798447810107585960850327321260162237317085865400430500000000000000000000000000000000000000000000000000000000000000000032144290249
0.438551226079257813045845982078306194416135104786609084231604421618204848946709899999999999999999999999999999999999999999999999999999999999999999983316113001
-0.00505624676382484218437192222876203096494921695147735270262197297146422200627831899999999999999999999999999999999999999999999999999999999999999999997132044275
0.212933475110548015635489738432480987256480943175753773003370985545037994286732099999999999999999999999999999999999999999999999999999999999999999903322022413

149942 512 25933 12938
0.00649119572803174797462447536878182635038535661660888076792377675928821009213248132400053401644179875993155388977379337822644064599771960933576593465987668104
-12.4212056596703253943155573987212311042753530046071198034843171572133295416636739904951914323493815940693434664809703028304467668176637754056085210842640678
12.8292201331182649952084104571224333191815474939897701241699471956169151035023268612662827749297323542978539213998426251619653265644170946511137159099932289
6.63361192772369515892392589848085572882816862370559635639184257360052272068097766886238583065948380227001924635140823627315844109625364625903494256621961596
-6.53861778626500732796044563641777204031776930898309147982662390361564278909249060709749451793595838461306592499655115680577426511300189152808542796033972473
0.377756690510488663751296436019813951098247435765557886166760344397136232211410297131173962151493248800818877122038587498928340717220848412565295226803426852
-1.97060414404807845572551106465697970335801900516856839314963578823562744253237977589047778216318544762331386594169404382560862538023456938746552600442805143
0.326752660068360407653762859263463750977620320350164291554203499948540350570689493536776246538889999591853952589907928824249538587506600734460331385448044846
2.36213384673802006657577943012536111286433547355779707503453474494754005127310738886008787713652981599779229085766384598554871470879311799239148134422646203
0.968823388210696313439767961279292813816039875590243460799059512238486472969789275957482820308440864454383644461375637466026484335273388734446439897329912787
1.18739792253773273951580748842279907195166263886174300843024846639855818798706326043792151975725339472872004972439425212585067489714805922866726104443465509
-1.20510237445609558740203921236944746250469633722705791311193394807487492029164094455911228181049139138942228116754847974436720880900621361414995277751366188
-0.10752283005735851106806387085431911079014151496168442468816190171360173828977788173563573549442422374163127031334581627602590955718062455435748256082781436
1.1089114996500970841514321498813934721941881778632249890340625861583252100449318632576973729899235417939351837865972540447965196319634910583167487319982271
0.0163157823256242748028634449195740291489870354637743403357847972315932605494237025991291245577386786083983179699027898497459237978603381997728551815534622708
0.425033921299480796044118676561150794847563707587444831567785090005155992337047206550717091463009739147707062250675631430975485913362078568256065485963297704
-0.292459194801219851103523701641623755662816499448657657360296637809273800363833875229853532808302642622428456110580498727575380149164382997349622522887811152
0.220996819075758068562441226798447810107585960850327321260166837453104482133138876216803599432987687797247289661446370194948916853522186885096140837217801873
0.438551226079257813045845982078306194416135104786609084231597168381733140456816946215321351101796189513989448483960417640105723241431742910675574300585194493
-0.00505624676382484218437192222876203096494921695147735270262169182507769852553224345649533824075147779027021468548813424678930957696047055858768548908817978417
0.21293347511054801563548973843248098725648094317575377300336923379435788396236308970350682905126050395375487039998621370833456371780651179944802414954897879

149942 2048 25819 12784
0.00649119572803174797462447536878182635038535661660888076792377675928821009213248132400053401644179875993155388977379337822644064599771960933576593465987668103999999999999999999999999999999999999999999999999999999999999999999999999999999999999999999999999999999999999999999999999999999999999999999999999999999999999999999999999999999999999999999999999999999999999999999999999999999999999999999999999999999999999999999999999999999999999999999999999999999999999999999999999999999999999999999999999999999999999999999999999999999999999999999999999999999999999999999999999999999999999999999999999999999999999999999999999999999
-12.4212056596703253943155573987212311042753530046071198034843171572133295416636739904951914323493815940693434664809703028304467668176637754056085210842640678000000000000000000000000000000000000000000000000000000000000000000000000000000000000000000000000000000000000000000000000000000000000000000000000000000000000000000000000000000000000000000000000000000000000000000000000000000000000000000000000000000000000000000000000000000000000000000000000000000000000000000000000000000000000000000000000000000000000000000000000000000000000000000000000000000000000000000000000000000000000000000000000000000000000000000000000000002
12.8292201331182649952084104571224333191815474939897701241699471956169151035023268612662827749297323542978539213998426251619653265644170946511137159099932288999999999999999999999999999999999999999999999999999999999999999999999999999999999999999999999999999999999999999999999999999999999999999999999999999999999999999999999999999999999999999999999999999999999999999999999999999999999999999999999999999999999999999999999999999999999999999999999999999999999999999999999999999999999999999999999999999999999999999999999999999999999999999999999999999999999999999999999999999999999999999999999999999999999999999999999999999998
6.63361192772369515892392589848085572882816862370559635639184257360052272068097766886238583065948380227001924635140823627315844109625364625903494256621961596000000000000000000000000000000000000000000000000000000000000000000000000000000000000000000000000000000000000000000000000000000000000000000000000000000000000000000000000000000000000000000000000000000000000000000000000000000000000000000000000000000000000000000000000000000000000000000000000000000000000000000000000000000000000000000000000000000000000000000000000000000000000000000000000000000000000000000000000000000000000000000000000000000000000000000000000000001
-6.53861778626500732796044563641777204031776930898309147982662390361564278909249060709749451793595838461306592499655115680577426511300189152808542796033972473000000000000000000000000000000000000000000000000000000000000000000000000000000000000000000000000000000000000000000000000000000000000000000000000000000000000000000000000000000000000000000000000000000000000000000000000000000000000000000000000000000000000000000000000000000000000000000000000000000000000000000000000000000000000000000000000000000000000000000000000000000000000000000000000000000000000000000000000000000000000000000000000000000000000000000000000000012
0.377756690510488663751296436019813951098247435765557886166760344397136232211410297131173962151493248800818877122038587498928340717220848412565295226803426851999999999999999999999999999999999999999999999999999999999999999999999999999999999999999999999999999999999999999999999999999999999999999999999999999999999999999999999999999999999999999999999999999999999999999999999999999999999999999999999999999999999999999999999999999999999999999999999999999999999999999999999999999999999999999999999999999999999999999999999999999999999999999999999999999999999999999999999999999999999999999999999999999999999999999999999999999997
-1.97060414404807845572551106465697970335801900516856839314963578823562744253237977589047778216318544762331386594169404382560862538023456938746552600442805143000000000000000000000000000000000000000000000000000000000000000000000000000000000000000000000000000000000000000000000000000000000000000000000000000000000000000000000000000000000000000000000000000000000000000000000000000000000000000000000000000000000000000000000000000000000000000000000000000000000000000000000000000000000000000000000000000000000000000000000000000000000000000000000000000000000000000000000000000000000000000000000000000000000000000000000000000001
0.326752660068360407653762859263463750977620320350164291554203499948540350570689493536776246538889999591853952589907928824249538587506600734460331385448044846000000000000000000000000000000000000000000000000000000000000000000000000000000000000000000000000000000000000000000000000000000000000000000000000000000000000000000000000000000000000000000000000000000000000000000000000000000000000000000000000000000000000000000000000000000000000000000000000000000000000000000000000000000000000000000000000000000000000000000000000000000000000000000000000000000000000000000000000000000000000000000000000000000000000000000000000000001
2.36213384673802006657577943012536111286433547355779707503453474494754005127310738886008787713652981599779229085766384598554871470879311799239148134422646202999999999999999999999999999999999999999999999999999999999999999999999999999999999999999999999999999999999999999999999999999999999999999999999999999999999999999999999999999999999999999999999999999999999999999999999999999999999999999999999999999999999999999999999999999999999999999999999999999999999999999999999999999999999999999999999999999999999999999999999999999999999999999999999999999999999999999999999999999999999999999999999999999999999999999999999999999999
0.968823388210696313439767961279292813816039875590243460799059512238486472969789275957482820308440864454383644461375637466026484335273388734446439897329912787000000000000000000000000000000000000000000000000000000000000000000000000000000000000000000000000000000000000000000000000000000000000000000000000000000000000000000000000000000000000000000000000000000000000000000000000000000000000000000000000000000000000000000000000000000000000000000000000000000000000000000000000000000000000000000000000000000000000000000000000000000000000000000000000000000000000000000000000000000000000000000000000000000000000000000000000000008
1.18739792253773273951580748842279907195166263886174300843024846639855818798706326043792151975725339472872004972439425212585067489714805922866726104443465509000000000000000000000000000000000000000000000000000000000000000000000000000000000000000000000000000000000000000000000000000000000000000000000000000000000000000000000000000000000000000000000000000000000000000000000000000000000000000000000000000000000000000000000000000000000000000000000000000000000000000000000000000000000000000000000000000000000000000000000000000000000000000000000000000000000000000000000000000000000000000000000000000000000000000000000000000001
-1.20510237445609558740203921236944746250469633722705791311193394807487492029164094455911228181049139138942228116754847974436720880900621361414995277751366188
-0.107522830057358511068063870854319110790141514961684424688161901713601738289777881735635735494424223741631270313345816276025909557180624554357482560827814359999999999999999999999999999999999999999999999999999999999999999999999999999999999999999999999999999999999999999999999999999999999999999999999999999999999999999999999999999999999999999999999999999999999999999999999999999999999999999999999999999999999999999999999999999999999999999999999999999999999999999999999999999999999999999999999999999999999999999999999999999999999999999999999999999999999999999999999999999999999999999999999999999999999999999999999999999999
1.10891149965009708415143214988139347219418817786322498903406258615832521004493186325769737298992354179393518378659725404479651963196349105831674873199822709999999999999999999999999999999999999999999999999999999999999999999999999999999999999999999999999999999999999999999999999999999999999999999999999999999999999999999999999999999999999999999999999999999999999999999999999999999999999999999999999999999999999999999999999999999999999999999999999999999999999999999999999999999999999999999999999999999999999999999999999999999999999999999999999999999999999999999999999999999999999999999999999999999999999999999999999999999
0.0163157823256242748028634449195740291489870354637743403357847972315932605494237025991291245577386786083983179699027898497459237978603381997728551815534622707999999999999999999999999999999999999999999999999999999999999999999999999999999999999999999999999999999999999999999999999999999999999999999999999999999999999999999999999999999999999999999999999999999999999999999999999999999999999999999999999999999999999999999999999999999999999999999999999999999999999999999999999999999999999999999999999999999999999999999999999999999999999999999999999999999999999999999999999999999999999999999999999999999999999999999999999999998
0.425033921299480796044118676561150794847563707587444831567785090005155992337047206550717091463009739147707062250675631430975485913362078568256065485963297704000000000000000000000000000000000000000000000000000000000000000000000000000000000000000000000000000000000000000000000000000000000000000000000000000000000000000000000000000000000000000000000000000000000000000000000000000000000000000000000000000000000000000000000000000000000000000000000000000000000000000000000000000000000000000000000000000000000000000000000000000000000000000000000000000000000000000000000000000000000000000000000000000000000000000000000000000007
-0.292459194801219851103523701641623755662816499448657657360296637809273800363833875229853532808302642622428456110580498727575380149164382997349622522887811151999999999999999999999999999999999999999999999999999999999999999999999999999999999999999999999999999999999999999999999999999999999999999999999999999999999999999999999999999999999999999999999999999999999999999999999999999999999999999999999999999999999999999999999999999999999999999999999999999999999999999999999999999999999999999999999999999999999999999999999999999999999999999999999999999999999999999999999999999999999999999999999999999999999999999999999999999998
0.220996819075758068562441226798447810107585960850327321260166837453104482133138876216803599432987687797247289661446370194948916853522186885096140837217801873000000000000000000000000000000000000000000000000000000000000000000000000000000000000000000000000000000000000000000000000000000000000000000000000000000000000000000000000000000000000000000000000000000000000000000000000000000000000000000000000000000000000000000000000000000000000000000000000000000000000000000000000000000000000000000000000000000000000000000000000000000000000000000000000000000000000000000000000000000000000000000000000000000000000000000000000000001
0.438551226079257813045845982078306194416135104786609084231597168381733140456816946215321351101796189513989448483960417640105723241431742910675574300585194493000000000000000000000000000000000000000000000000000000000000000000000000000000000000000000000000000000000000000000000000000000000000000000000000000000000000000000000000000000000000000000000000000000000000000000000000000000000000000000000000000000000000000000000000000000000000000000000000000000000000000000000000000000000000000000000000000000000000000000000000000000000000000000000000000000000000000000000000000000000000000000000000000000000000000000000000000007
-0.00505624676382484218437192222876203096494921695147735270262169182507769852553224345649533824075147779027021468548813424678930957696047055858768548908817978417000000000000000000000000000000000000000000000000000000000000000000000000000000000000000000000000000000000000000000000000000000000000000000000000000000000000000000000000000000000000000000000000000000000000000000000000000000000000000000000000000000000000000000000000000000000000000000000000000000000000000000000000000000000000000000000000000000000000000000000000000000000000000000000000000000000000000000000000000000000000000000000000000000000000000000000000000012
0.212933475110548015635489738432480987256480943175753773003369233794357883962363089703506829051260503953754870399986213708334563717806511799448024149548978790000000000000000000000000000000000000000000000000000000000000000000000000000000000000000000000000000000000000000000000000000000000000000000000000000000000000000000000000000000000000000000000000000000000000000000000000000000000000000000000000000000000000000000000000000000000000000000000000000000000000000000000000000000000000000000000000000000000000000000000000000000000000000000000000000000000000000000000000000000000000000000000000000000000000000000000000000003

149969 2048 123340 61617
0.00649119572803174797462447536878182635038535661660888076792377675928821009213248132400053401644179875993155388977379337822644035099981966663573592695795939076749100094927734246944926245292529425297326458859600738949393609055452126259554324205234455065094007704268335036847438763500082458816666024976541557212079444787190643563504256393445876126236279309094300061092050850271727939528831475871362952726919447448545435117998678884497743833965432647249890008747622107408312494678452081035420399467704892760016678440160006367594460238769054463752743863365475367149885342091460282518164006772207329021970821060572482496367271
-12.4212056596703253943155573987212311042753530046071198034843171572133295416636739904951914323493815940693434664809703028304467723051653929484546403168789805219154294161953289478888964903416070784704624099690575790559853866540567088569428295938718478072842698873700967821752035336648728103990258920079316421776342681298252283215362922683380526948626205180897459347511996744792582129202949989885742950757030061188155338016234337557012942530067926307210384443811233188657098205811008294514329701773798110557707083097105111344511391194977937991166989726437775789066773430428555348802335589505049626403488295797940737847414
12.8292201331182649952084104571224333191815474939897701241699471956169151035023268612662827749297323542978539213998426251619653227999924288929953586400811998172505961212625180960598618396602169111961151511371227469693715082107107776667486889955170401244955053785116714450803337766819208707263954556958736407109088896530746350110475487920267904990335495513828431662276856712909398664460241076826407665133409666529942274196931546438654463778438817658993040853682432804747960543259766678042682935770312512531808150563294275818175355567321026333228047538307356722896036258750723119573777502920548563538875711605888628325043
6.63361192772369515892392589848085572882816862370559635639184257360052272068097766886238583065948380227001924635140823627315843171582842038483614127912029647645665746257281357134411991941742196904753157832418533392347867088964794264581632232878090531629585055361211279180744295189598948889995617530672932211874338635240098866806395077552110092239409556160383939329472136652495241688309595254911321521318580573211849315408024312610380645917934597458447108962099231664201705766679087620975910096309989659559966554719448773428215866542989786209264402112864142046803512652724065739506428167324738891563031440524126156773941
-6.5386177862650073279604456364177720403177693089830914798266239036156427890924906070974945179359583846130659249965511568057742583031106390924657547819152369123628664825365505636989198699992744526800233608760262519248688920613627854062037353359488827445914037816116816126148213981615002426164089469391625686106152221391588344433479921173314129027088359651440710019044155697793179549697238881141616378640303090062837523491917801224827929166258149081436152594835299553770244342581447215366664587026041977292510432198681296628775286000180017130500184032318993181756038838595630036955269087815123319464194193531052246854839
0.377756690510488663751296436019813951098247435765557886166760344397136232211410297131173962151493248800818877122038587498928336044455036047710667989690619221084541895917825389278712178907150161503317385880810879159298309661341255426967494174166901661285155663426186411795388113020374486067957466458463682099864776170115189087529238167411359043932140505548494029181462913678234499152929523997251837321261901851865305249937900121816729061636885135180603394461990776945639725964021633919226393374937819519922119384057923018358218150301481818217443248838421833270305931735588267921490289599493140009135912168025953044624404
-1.97060414404807845572551106465697970335801900516856839314963578823562744253237977589047778216318544762331386594169404382560862047670641919009659409187269357285333544939205672678542671100854614642006863663586282472510483220604483272203502628484968991114572494696291737362685251084487698988074974426662183459667029375255942965849265529045179097273694581970404680888109869505244907116184076929580396929839421793732620820149940503296807254757133573090196500554613500686382310172747009624017603119400278410422074463331840329640526360643117029956058018065876434980770532451265409412760806537626547881040748421530911199875775
0.326752660068360407653762859263463750977620320350164291554203499948540350570689493536776246538889999591853952589907928824249540708137946643581290279252432130780300212463683226391308345009029097316919775944990515460407924843698750770063787684489417298944955330556181074195222041222095612032279827006997704362221082434150514727449268836425303818029872086402751724740212279218744933854062036792565453813115874500659289604015083239170355603645387893668872125948856274240428752837007500651273107080155365338993721233669770689825761645128168749306851873016818677007434216076531567120988124558154953891447574839340889408713692
2.36213384673802006657577943012536111286433547355779707503453474494754005127310738886008787713652981599779229085766384598554870539519192751328787412029290251173748702670315931264973643032411449275514914434616708037372140683784637651324265452626128189595048004220848703631096329094140351305620542230279826825638211293417005205560643598091449533348886518662574577450951326680004550071020945638226202580155405996718266562194915448229539340546177901859166500191134707357118141991861986427351450621909460791601302838773286213190834997902279276507346327460499651983668389979011490742319977772226041232355611000315849907228215
0.968823388210696313439767961279292813816039875590243460799059512238486472969789275957482820308440864454383644461375637466026460236251622765455870057734670772171147370110388016874232246655229540684143314706635393467256576213288955150900426759271924687005161314057292449532794509868201659315792202635359275296853473510835748537014276153536662234394187532639278837629258833429952972638161667873561342207884344646352682754529308593120697540605608538552083438925069600364123001487319591389449548952022427492876712330415014046784399345412190044738204501365525478884449202069755950736893505390427507469577833749451043000329788
1.18739792253773273951580748842279907195166263886174300843024846639855818798706326043792151975725339472872004972439425212585064557169280752580548919556490132154031329445175384362178484516777225356097269095219370401184747833316811331727504177102661071746489127714517259118629353587458429453962496654744593826038113902731839341606008155366705552307527083343508808164511353075511575881051256482835125203429012818211439513489003500974798616735739340014630467039347137134764374412373345093611349581010019725218035919258780752999286640578206242792867325357307256726198417956112512007758422526135480660094855180048249087782933
-1.20510237445609558740203921236944746250469633722705791311193394807487492029164094455911228181049139138942228116754847974436718699502500639210228865109730400938747697076382594081553356098989764335559663420605209354766450729639031294267011675375020488568905505446386003229530362907858733790975597947260936988863213965543452694061056868538600628640850319144104094930238400355689961028560282335487379086719958744184195790038681830475847725232097035353608926267112845254530015422205875309636742381994922037796843186961922184149457744559324263532818976998446064386647690484035419208369906208070923818836673315574561332579061
-0.107522830057358511068063870854319110790141514961684424688161901713601738289777881735635735494424223741631270313345816276025941173003654088877252723428035639873813033465167885881247182146580763622466578235819799771845555880064463467338054014411743627637569490616321355614357647766374343470202920106132118474302021097663012352368586862055901528896887356968695928877034598388636543326947925997236411411105972522873053292758725637964016965137549380308886302704795378952107601534132858112612954167247204564060605699083145934811877156244408786817444400208440926606391498618398570133305416476885729687891217381513258597374233
1.10891149965009708415143214988139347219418817786322498903406258615832521004493186325769737298992354179393518378659725404479655762002262474259662216518037043452287212806557078272651293499764969287893114785074343311624112439534263236203302196202803030796633726003292528607784962811662296311797775704911167855068709586761209699101245197003681201273170676185103725704194316947093978314997324918981135611257582024760309985770344124827924766638432597652612823227170329065415354312415511464227513863571584938546934368525493778689376499064768378393767046647127862636752086251268563100242576746082559117139053153584052369247112
0.0163157823256242748028634449195740291489870354637743403357847972315932605494237025991291245577386786083983179699027898497459249763132282125774300137800678931981045817116692003484829629710564605381593736389347561914214604479440307307001070351073074878953960079020835106455181128537544237223561759821838715518659258581670488859066220237380402794984129531236115394923619017194806116520649353339475941314396115349975162005520676846952603837168003571725426627107491694956104685083030456305917435413803783043793346908596224594198232054079052102792904501485503768433633613849420111369944858354145701039188672009358573528892906
0.425033921299480796044118676561150794847563707587444831567785090005155992337047206550717091463009739147707062250675631430975725732213009148918355501528738897680724251017016046264193739270511646100401444935184216934287223672083921546095085028491519673401319469881365979912488596545829127278826085700615345789926693189388660573584995570226315482905850828295483402885597648149617303808740225533892581779725588727757230324913577733964488503861589066542981604381840666344402166847841450956836205861508155389375573309174884542034127428647471349558693452307983046549878102348949866653842387464406401614020142112503114636419548
-0.292459194801219851103523701641623755662816499448657657360296637809273800363833875229853532808302642622428456110580498727575629619029977207116830313550942607387297669219718159926000486523982701879084429596825207675593308561061016441584778211793951980232599388548000852232079677567282512923884866662799251842533953380242764396409297549945509461622388917162632691996741454814176466405143750600121624976921772790794619167392005219461045368491190192486954350495031081083617703146027365858746667929240894806280344101247739744335814787226907574087554559450972128877391937135471904739751277289974220217932958704120287311381911
0.220996819075758068562441226798447810107585960850327321260166837453104482133138876216803599432987687797247289661446370194948906103742346521900618837952513564976535716931386064668451359010180012059624068428675987306418728322864253582222130794510876832655470830945858451002615425412021874701221226354683130119497642804390652823152758305855324162836412943515074962817417105327917423253896333448078779299974562736523869255525681331451356289662785486321818473173694521874831817779585162213085723905124287987926954268814123985266911161158740796091358152676792035158396269243456053771786444372883738983614019943875622084105447
0.438551226079257813045845982078306194416135104786609084231597168381733140456816946215321351101796189513989448483960417640105740216386496648996396435883609120049916389092438644224790296540628882903392565002465137041242599980239564762645177989324450242600142771871310802710490059902457580763094691752038934969781639110331916231713869639472733428065362590170864192422682871891356818787540295531507495546638231140929909804255647850654387588006181653481707838703330518962685962307706353306924545539242949968742750207926563456880980404757186841249443445227012450894011706195213482654805415719853353533390201915794564706536674
-0.00505624676382484218437192222876203096494921695147735270262169182507769852553224345649533824075147779027021468548813424678931023508612867371107462497804914493325641407517227040441083978294216425062589507957917161760391617050655489349489196888110845432280394362430069417566138244472729856336838227335348877221099744053848835105489804684488586058145956085615372591602395034995140789031385099689392990305389912462961408325772451325071007458907083457509874940935193318291993442620755503757384503921846244572068911660663436593323842348057088568734599799457769582932480408422682270661115478145099737196669136414125256349016137
0.212933475110548015635489738432480987256480943175753773003369233794357883962363089703506829051260503953754870399986213708334567801774253561012534163164130169613377726254049675172975931485604325066292246310079038011248672756379831444117276368348213685898470259473766312782146978151701228744111245128815329735538975716670023119012572081236022248396222116037363859787067779795236328445280747083536698253637289310213223865954822816641523061549704820715545183645517307084617690637101954419474037662583963905955755431938802126087034216144079472875405507233762292104430663432079324365928184514281723458875286096088238447810444

