0 64 -324 -407
0.534079210993809172514
0.0254951851509416932418
0.0905827391366354206514
0.4612680906106365053
0.596229851174502001321
0.422719926635539866577
0.131421464474648502785
0.228351917524790948288
0.050411580340919782961
0.471074326039452428994
0.222908836644170577079
0.495135766245895891924
0.00692675747516662779907
0.765910950052085204298
0.933755725284180271295
0.918574343428231299136
0.703914525224684894944
0.789379950203896063599
0.00186324474106385569103
0.272179151814326336645
0.995195368239480848693

232 64 3191 1604
0.314915216304408718262
-0.435732552161302244542
1.2610944624962874272
0.457818282016352662289
0.0108726521342645369994
0.548814621139238068004
0.359534731304463728296
0.134787952212117506656
-0.624083135072348804684
0.292234693907013010072
-0.445547906586661379702
0.727711781430496640333
0.426498436338641984111
-0.131234624155165124915
0.422572312972686492394
0.121535474662329362472
0.563867309100273383926
0.422100282906921253634
0.172114252939281453525
-0.0937693186340992218542
-0.185848000974706412114

232 128 3131 1483
0.3149152163044087182619999999999999999998
-0.4357325521613022445420000000000000000038
1.261094462496287427200000000000000000003
0.4578182820163526622889999999999999999923
0.01087265213426453699939999999999999999962
0.5488146211392380680039999999999999999912
0.3595347313044637282959999999999999999984
0.1347879522121175066560000000000000000206
-0.62408313507234880468399999999999999999
0.2922346939070130100719999999999999999776
-0.4455479065866613797020000000000000000004
0.727711781430496640332999999999999999977
0.4264984363386419841109999999999999999857
-0.1312346241551651249150000000000000000024
0.4225723129726864923939999999999999999991
0.1215354746623293624719999999999999999899
0.563867309100273383926
0.4221002829069212536340000000000000000047
0.1721142529392814535249999999999999999994
-0.09376931863409922185419999999999999999886
-0.1858480009747064121140000000000000000023

250 128 6416 3170
0.3149152163044101013698903705853113796955
-0.4357325521613009613906927472370459849844
1.261094462496286931591344926779302511005
0.4578182820163521387551781523254076810519
0.01087265213426492124412801575468734906604
0.5488146211392399984437205779985256597776
0.3595347313044650651113753179772598680445
0.1347879522121182282971497960193758416444
-0.6240831350723485849730297395389722120151
0.2922346939070119157823070584874145452162
-0.4455479065866614054921283069352905509284
0.7277117814304968815576838968662518563008
0.4264984363386425991465376921418104562011
-0.1312346241551640997682009976951191132026
0.4225723129726860245561077156228149674196
0.121535474662330366090919607426671055793
0.5638673091002741412613803729137742499723
0.4221002829069209132093189688885936365999
0.1721142529392804395592404759193578949025
-0.09376931863409959649857871332327300444674
-0.1858480009747062636222807118251239291174

250 256 6409 3117
0.3149152163044101013698903705853113796955000000000000000000000000000000000453819
-0.435732552161300961390692747237045984984399999999999999999999999999999999984364
1.261094462496286931591344926779302511005000000000000000000000000000000000205817
0.457818282016352138755178152325407681051899999999999999999999999999999999989098
0.01087265213426492124412801575468734906604000000000000000000000000000000000154355
0.548814621139239998443720577998525659777600000000000000000000000000000000006089
0.3595347313044650651113753179772598680445000000000000000000000000000000000002714
0.1347879522121182282971497960193758416443999999999999999999999999999999999725718
-0.6240831350723485849730297395389722120151000000000000000000000000000000001102736
0.2922346939070119157823070584874145452161999999999999999999999999999999999992714
-0.4455479065866614054921283069352905509283999999999999999999999999999999999778825
0.7277117814304968815576838968662518563008000000000000000000000000000000000103264
0.4264984363386425991465376921418104562010999999999999999999999999999999999827373
-0.1312346241551640997682009976951191132026000000000000000000000000000000001242681
0.4225723129726860245561077156228149674196000000000000000000000000000000000629237
0.121535474662330366090919607426671055793000000000000000000000000000000000003545
0.5638673091002741412613803729137742499723000000000000000000000000000000000574776
0.422100282906920913209318968888593636599899999999999999999999999999999999973142
0.1721142529392804395592404759193578949024999999999999999999999999999999999989414
-0.09376931863409959649857871332327300444674000000000000000000000000000000000431465
-0.1858480009747062636222807118251239291173999999999999999999999999999999999818979

268 256 12887 6396
0.3149152163044101013698903705852765432522171384724483939930512101697732429778792
-0.4357325521613009613906927472369252949424381454394459800640544685034742651463815
1.26109446249628693159134492677900414216714211670502833653929118589773254093468
0.4578182820163521387551781523252270376606491246113375649657704772170472263209689
0.01087265213426492124412801575453497643944685908516300948590544222411175940934506
0.5488146211392399984437205779985433293820727043002652219804055908729644198385408
0.3595347313044650651113753179772205216590104870287996683628915908149757305776345
0.1347879522121182282971497960192413498727056375020306864178424979035174217425172
-0.6240831350723485849730297395389082967304121176457402438445571042590122899714916
0.2922346939070119157823070584874957166850930029486831109130155283830526409230802
-0.4455479065866614054921283069354287067762253474553350208780059249725792045136039
0.7277117814304968815576838968661838676738185361279623192349213577212288338347343
0.4264984363386425991465376921417391268523939609625266663515389517144990462082458
-0.1312346241551640997682009976951911520242678234728554388415949594756316307623668
0.4225723129726860245561077156226968642742806738377014741331405757422507193499873
0.1215354746623303660909196074266790230106489986061170493876741416927616607137676
0.5638673091002741412613803729136215216609609436432943446481949857250016451948321
0.4221002829069209132093189688887531356280176957457723625619871691347580953398643
0.1721142529392804395592404759194529705817529666274073997580723428798996821822391
-0.09376931863409959649857871332326581132233654382043504291435245283623395951264108
-0.1858480009747062636222807118252408395590440608021561134415761865629897288694096

268 512 12857 6343
0.314915216304410101369890370585276543252217138472448393993051210169773242977879200000000000000000000000000000000000000000000000000000000000000000055066429129
-0.435732552161300961390692747236925294942438145439445980064054468503474265146381499999999999999999999999999999999999999999999999999999999999999999953048262958
1.26109446249628693159134492677900414216714211670502833653929118589773254093467999999999999999999999999999999999999999999999999999999999999999999986193933813
0.457818282016352138755178152325227037660649124611337564965770477217047226320968900000000000000000000000000000000000000000000000000000000000000000000300044834
0.0108726521342649212441280157545349764394468590851630094859054422241117594093450600000000000000000000000000000000000000000000000000000000000000000027202232754
0.548814621139239998443720577998543329382072704300265221980405590872964419838540799999999999999999999999999999999999999999999999999999999999999999974538014865
0.359534731304465065111375317977220521659010487028799668362891590814975730577634500000000000000000000000000000000000000000000000000000000000000000019892115383
0.134787952212118228297149796019241349872705637502030686417842497903517421742517199999999999999999999999999999999999999999999999999999999999999999715766969636
-0.624083135072348584973029739538908296730412117645740243844557104259012289971491599999999999999999999999999999999999999999999999999999999999999999997994254425
0.29223469390701191578230705848749571668509300294868311091301552838305264092308019999999999999999999999999999999999999999999999999999999999999999994516563851
-0.4455479065866614054921283069354287067762253474553350208780059249725792045136038999999999999999999999999999999999999999999999999999999999999999998585593614
0.727711781430496881557683896866183867673818536127962319234921357721228833834734300000000000000000000000000000000000000000000000000000000000000000250620219455
0.426498436338642599146537692141739126852393960962526666351538951714499046208245800000000000000000000000000000000000000000000000000000000000000000127096945825
-0.131234624155164099768200997695191152024267823472855438841594959475631630762366800000000000000000000000000000000000000000000000000000000000000000039913866773
0.42257231297268602455610771562269686427428067383770147413314057574225071934998729999999999999999999999999999999999999999999999999999999999999999998061255316
0.121535474662330366090919607426679023010648998606117049387674141692761660713767600000000000000000000000000000000000000000000000000000000000000000012517869918
0.56386730910027414126138037291362152166096094364329434464819498572500164519483209999999999999999999999999999999999999999999999999999999999999999998456943386
0.422100282906920913209318968888753135628017695745772362561987169134758095339864300000000000000000000000000000000000000000000000000000000000000000012167243907
0.172114252939280439559240475919452970581752966627407399758072342879899682182239099999999999999999999999999999999999999999999999999999999999999999697380761828
-0.0937693186340995964985787133232658113223365438204350429143524528362339595126410800000000000000000000000000000000000000000000000000000000000000000001547537345
-0.185848000974706263622280711825240839559044060802156113441576186562989728869409600000000000000000000000000000000000000000000000000000000000000000013345190305

289 512 25861 12907
0.314915216304410101369890370585276543252217138472448393993051210122865241245059527528006861735362484612942201810623942841363981223329510873913647104775845099
-0.435732552161300961390692747236925294942438145439445980064054468339299698530892713526196539769903747773211215095036732618074140908960637999131733869114353036
1.26109446249628693159134492677900414216714211670502833653929118554899434495143336540471480601370984351871396230105073507582300876979323831907623822507395784
0.457818282016352138755178152325227037660649124611337564965770476950097005866490443614906035219858077303278764851340364585112032191511086640118621469974426906
0.0108726521342649212441280157545349764394468590851630094859054419665062664787077904115832610453418399802012881471644749976723028550627640725902249076013305993
0.548814621139239998443720577998543329382072704300265221980405590783540142867626553054972043278280392335615056816084146728974045496868673754744499873754709697
0.359534731304465065111375317977220521659010487028799668362891590673430692456864314683526718222908848881559157243083666946386305616031419728840930726680441971
0.134787952212118228297149796019241349872705637502030686417842497658317802448431812171156155638778659254353766766589761772892875899034509226781694915515853989
-0.624083135072348584973029739538908296730412117645740243844557104168534831098990077736150058616539855375309391525635813156835800451474013817359908948198705738
0.292234693907011915782307058487495716685093002948683110913015528756142660126254188355556170623434751529241091103632757141776654097925859684909365117323135051
-0.445547906586661405492128306935428706776225347455335020878005925162923698630025445986605266888100340413989665707627873973793805611459964218428707355336875919
0.727711781430496881557683896866183867673818536127962319234921357579525762835560623270499235650920861264351115655403302802659087244774884994044844686536297174
0.426498436338642599146537692141739126852393960962526666351538951510215307622392287361954327968474039705839397944077500850869536467303803103861629188380783311
-0.131234624155164099768200997695191152024267823472855438841594959622003059731916782750177334480175688566255865793853445674072075818972876557862120396906765025
0.422572312972686024556107715622696864274280673837701474133140575695185687903989318104329037748881128010055017902000515994337257714252852210541328879813582074
0.121535474662330366090919607426679023010648998606117049387674141829247936370238224113170949776184053801020861578021467536957919662504204429059604690364806209
0.56386730910027414126138037291362152166096094364329434464819498534244827056559980407772050679483843275501022244309427289428058916843038181692034038860658284
0.422100282906920913209318968888753135628017695745772362561987169427690225103182424086152194927763597631170301887229041233425635254803304450659588370750539513
0.172114252939280439559240475919452970581752966627407399758072343056538203133028085634030192506722403622799842327425857722540629541759150680943529580823853835
-0.093769318634099596498578713323265811322336543820435042914352452839228991797514212342440524816957730440745235455035589350328485306816271141949800621267033035
-0.185848000974706263622280711825240839559044060802156113441576186816695643374534325568633319188550757369255992780735050036876288320633893261607119515618380101

289 2048 25884 12878
0.314915216304410101369890370585276543252217138472448393993051210122865241245059527528006861735362484612942201810623942841363981223329510873913647104775845099000000000000000000000000000000000000000000000000000000000000000000000000000000000000000000000000000000000000000000000000000000000000000000000000000000000000000000000000000000000000000000000000000000000000000000000000000000000000000000000000000000000000000000000000000000000000000000000000000000000000000000000000000000000000000000000000000000000000000000000000000000000000000000000000000000000000000000000000000000000000000000000000000000000000000000000000000007
-0.435732552161300961390692747236925294942438145439445980064054468339299698530892713526196539769903747773211215095036732618074140908960637999131733869114353036000000000000000000000000000000000000000000000000000000000000000000000000000000000000000000000000000000000000000000000000000000000000000000000000000000000000000000000000000000000000000000000000000000000000000000000000000000000000000000000000000000000000000000000000000000000000000000000000000000000000000000000000000000000000000000000000000000000000000000000000000000000000000000000000000000000000000000000000000000000000000000000000000000000000000000000000000007
1.26109446249628693159134492677900414216714211670502833653929118554899434495143336540471480601370984351871396230105073507582300876979323831907623822507395783999999999999999999999999999999999999999999999999999999999999999999999999999999999999999999999999999999999999999999999999999999999999999999999999999999999999999999999999999999999999999999999999999999999999999999999999999999999999999999999999999999999999999999999999999999999999999999999999999999999999999999999999999999999999999999999999999999999999999999999999999999999999999999999999999999999999999999999999999999999999999999999999999999999999999999999999999999
0.457818282016352138755178152325227037660649124611337564965770476950097005866490443614906035219858077303278764851340364585112032191511086640118621469974426905999999999999999999999999999999999999999999999999999999999999999999999999999999999999999999999999999999999999999999999999999999999999999999999999999999999999999999999999999999999999999999999999999999999999999999999999999999999999999999999999999999999999999999999999999999999999999999999999999999999999999999999999999999999999999999999999999999999999999999999999999999999999999999999999999999999999999999999999999999999999999999999999999999999999999999999999999994
0.0108726521342649212441280157545349764394468590851630094859054419665062664787077904115832610453418399802012881471644749976723028550627640725902249076013305992999999999999999999999999999999999999999999999999999999999999999999999999999999999999999999999999999999999999999999999999999999999999999999999999999999999999999999999999999999999999999999999999999999999999999999999999999999999999999999999999999999999999999999999999999999999999999999999999999999999999999999999999999999999999999999999999999999999999999999999999999999999999999999999999999999999999999999999999999999999999999999999999999999999999999999999999999999
0.548814621139239998443720577998543329382072704300265221980405590783540142867626553054972043278280392335615056816084146728974045496868673754744499873754709697000000000000000000000000000000000000000000000000000000000000000000000000000000000000000000000000000000000000000000000000000000000000000000000000000000000000000000000000000000000000000000000000000000000000000000000000000000000000000000000000000000000000000000000000000000000000000000000000000000000000000000000000000000000000000000000000000000000000000000000000000000000000000000000000000000000000000000000000000000000000000000000000000000000000000000000000000003
0.359534731304465065111375317977220521659010487028799668362891590673430692456864314683526718222908848881559157243083666946386305616031419728840930726680441970999999999999999999999999999999999999999999999999999999999999999999999999999999999999999999999999999999999999999999999999999999999999999999999999999999999999999999999999999999999999999999999999999999999999999999999999999999999999999999999999999999999999999999999999999999999999999999999999999999999999999999999999999999999999999999999999999999999999999999999999999999999999999999999999999999999999999999999999999999999999999999999999999999999999999999999999999999
0.134787952212118228297149796019241349872705637502030686417842497658317802448431812171156155638778659254353766766589761772892875899034509226781694915515853989000000000000000000000000000000000000000000000000000000000000000000000000000000000000000000000000000000000000000000000000000000000000000000000000000000000000000000000000000000000000000000000000000000000000000000000000000000000000000000000000000000000000000000000000000000000000000000000000000000000000000000000000000000000000000000000000000000000000000000000000000000000000000000000000000000000000000000000000000000000000000000000000000000000000000000000000000002
-0.624083135072348584973029739538908296730412117645740243844557104168534831098990077736150058616539855375309391525635813156835800451474013817359908948198705738000000000000000000000000000000000000000000000000000000000000000000000000000000000000000000000000000000000000000000000000000000000000000000000000000000000000000000000000000000000000000000000000000000000000000000000000000000000000000000000000000000000000000000000000000000000000000000000000000000000000000000000000000000000000000000000000000000000000000000000000000000000000000000000000000000000000000000000000000000000000000000000000000000000000000000000000000011
0.292234693907011915782307058487495716685093002948683110913015528756142660126254188355556170623434751529241091103632757141776654097925859684909365117323135050999999999999999999999999999999999999999999999999999999999999999999999999999999999999999999999999999999999999999999999999999999999999999999999999999999999999999999999999999999999999999999999999999999999999999999999999999999999999999999999999999999999999999999999999999999999999999999999999999999999999999999999999999999999999999999999999999999999999999999999999999999999999999999999999999999999999999999999999999999999999999999999999999999999999999999999999999999
-0.445547906586661405492128306935428706776225347455335020878005925162923698630025445986605266888100340413989665707627873973793805611459964218428707355336875918999999999999999999999999999999999999999999999999999999999999999999999999999999999999999999999999999999999999999999999999999999999999999999999999999999999999999999999999999999999999999999999999999999999999999999999999999999999999999999999999999999999999999999999999999999999999999999999999999999999999999999999999999999999999999999999999999999999999999999999999999999999999999999999999999999999999999999999999999999999999999999999999999999999999999999999999999995
0.727711781430496881557683896866183867673818536127962319234921357579525762835560623270499235650920861264351115655403302802659087244774884994044844686536297174000000000000000000000000000000000000000000000000000000000000000000000000000000000000000000000000000000000000000000000000000000000000000000000000000000000000000000000000000000000000000000000000000000000000000000000000000000000000000000000000000000000000000000000000000000000000000000000000000000000000000000000000000000000000000000000000000000000000000000000000000000000000000000000000000000000000000000000000000000000000000000000000000000000000000000000000000001
0.426498436338642599146537692141739126852393960962526666351538951510215307622392287361954327968474039705839397944077500850869536467303803103861629188380783310999999999999999999999999999999999999999999999999999999999999999999999999999999999999999999999999999999999999999999999999999999999999999999999999999999999999999999999999999999999999999999999999999999999999999999999999999999999999999999999999999999999999999999999999999999999999999999999999999999999999999999999999999999999999999999999999999999999999999999999999999999999999999999999999999999999999999999999999999999999999999999999999999999999999999999999999999995
-0.131234624155164099768200997695191152024267823472855438841594959622003059731916782750177334480175688566255865793853445674072075818972876557862120396906765024999999999999999999999999999999999999999999999999999999999999999999999999999999999999999999999999999999999999999999999999999999999999999999999999999999999999999999999999999999999999999999999999999999999999999999999999999999999999999999999999999999999999999999999999999999999999999999999999999999999999999999999999999999999999999999999999999999999999999999999999999999999999999999999999999999999999999999999999999999999999999999999999999999999999999999999999999996
0.422572312972686024556107715622696864274280673837701474133140575695185687903989318104329037748881128010055017902000515994337257714252852210541328879813582074
0.121535474662330366090919607426679023010648998606117049387674141829247936370238224113170949776184053801020861578021467536957919662504204429059604690364806209
0.563867309100274141261380372913621521660960943643294344648194985342448270565599804077720506794838432755010222443094272894280589168430381816920340388606582839999999999999999999999999999999999999999999999999999999999999999999999999999999999999999999999999999999999999999999999999999999999999999999999999999999999999999999999999999999999999999999999999999999999999999999999999999999999999999999999999999999999999999999999999999999999999999999999999999999999999999999999999999999999999999999999999999999999999999999999999999999999999999999999999999999999999999999999999999999999999999999999999999999999999999999999999999997
0.422100282906920913209318968888753135628017695745772362561987169427690225103182424086152194927763597631170301887229041233425635254803304450659588370750539513000000000000000000000000000000000000000000000000000000000000000000000000000000000000000000000000000000000000000000000000000000000000000000000000000000000000000000000000000000000000000000000000000000000000000000000000000000000000000000000000000000000000000000000000000000000000000000000000000000000000000000000000000000000000000000000000000000000000000000000000000000000000000000000000000000000000000000000000000000000000000000000000000000000000000000000000000006
0.172114252939280439559240475919452970581752966627407399758072343056538203133028085634030192506722403622799842327425857722540629541759150680943529580823853835000000000000000000000000000000000000000000000000000000000000000000000000000000000000000000000000000000000000000000000000000000000000000000000000000000000000000000000000000000000000000000000000000000000000000000000000000000000000000000000000000000000000000000000000000000000000000000000000000000000000000000000000000000000000000000000000000000000000000000000000000000000000000000000000000000000000000000000000000000000000000000000000000000000000000000000000000003
-0.0937693186340995964985787133232658113223365438204350429143524528392289917975142123424405248169577304407452354550355893503284853068162711419498006212670330349999999999999999999999999999999999999999999999999999999999999999999999999999999999999999999999999999999999999999999999999999999999999999999999999999999999999999999999999999999999999999999999999999999999999999999999999999999999999999999999999999999999999999999999999999999999999999999999999999999999999999999999999999999999999999999999999999999999999999999999999999999999999999999999999999999999999999999999999999999999999999999999999999999999999999999999999999986
-0.185848000974706263622280711825240839559044060802156113441576186816695643374534325568633319188550757369255992780735050036876288320633893261607119515618380100999999999999999999999999999999999999999999999999999999999999999999999999999999999999999999999999999999999999999999999999999999999999999999999999999999999999999999999999999999999999999999999999999999999999999999999999999999999999999999999999999999999999999999999999999999999999999999999999999999999999999999999999999999999999999999999999999999999999999999999999999999999999999999999999999999999999999999999999999999999999999999999999999999999999999999999999999997

309 2048 123287 61553
0.314915216304410101369890370585276543252217138472448393993051210122865241245059527528006861735362484612942201810623942841363981225195419499114472393784309148768097475596485417891434459650231422407313793179524357034088894845065139406690440462533336286115296739739250469417905668226439125773472849045197515375684431955510993986316062770213085514677487181398193090569856311350292577368906098727359517933259414319239702976983505167933208745131565848755571511546748337697154364399595719455412665934836900123596667854651805269087577423760878480731109958239270182215386996331810782963848930028305543186788907802172807863620723
-0.435732552161300961390692747236925294942438145439445980064054468339299698530892713526196539769903747773211215095036732618074140906419451758413956992404448680340074363325255993472162012316927317758988330715411664317898521958592474962185370042757190840798296641427744255231956092639330326547522709039817811438948295834074700582605297118802180017974696288265675675688884409929071305218907071723270040860849455244569589600414169636948337493064790142554490426733702834426084684331945566366333463475265128956301367339091018708285821211917220255354753669386022258430639408144593768312638170514300426804403620503237815695061915
1.2610944624962869315913449267790041421671421167050283365392911855489943449514333654047148060137098435187139623010507350758230087718267736608991608084316404691483484396033946191073963430749776584180948131469715589831188330818334658429323759201248907307113620635154606411653015059174987182076266581070024168471909821036846938322329378782878131242660575338440330723599304699857256330853602081919037606838079626866368009524386029902760936650479604769833913529437541840490821461556735024082438702473653106190809218919116693939581726961528170446220989222352192370842103177620867856642112877041423137532506247359668466134504
0.457818282016352138755178152325227037660649124611337564965770476950097005866490443614906035219858077303278764851340364585112032191373328968616744726358000653486173082002463516060513921447826512988229716039978850204035494888619569733566440836911171112430228978483111147625745962752650925594380567189956446548283834615940393452926345869161096842174646409925499760969431808238418715008833875657717517095646083789666120603158778524423810967910348113772318776688559717316344517850991477769077281351207430876821850799539536602892101365110285277540589751884026339956677088772724591148655145482286162698416345422841734676965618
0.0108726521342649212441280157545349764394468590851630094859054419665062664787077904115832610453418399802012881471644749976723028565424027848487904362210199814954842099962514569958754327480566235462187487902232690842128678683956350015598655899085146614239455667536281318249701120122776628087283379570738280619209703647483633139561770921517110896952235634145867746322900330984330840339584166467317187963595755857303317121452401714474070937903594274707110648923406486622880872040567046298725163118466036312689034044079135708209233682812321748420661392689653362183831007508971216313374217986976210022777393527350445349302445
0.54881462113923999844372057799854332938207270430026522198040559078354014286762655305497204327828039233561505681608414672897404549925034650322989164206604248227357472197491119188811838053892825798441976542659614547946017320308975528124356466084748021389291269419968071785865636578978217276399511186212119223118716160642044645396759366015978582600505180565734186805986458361865953438060789096354072897824183015111137208763457779067169878807902987245792539545034178684220611283307493874423393202584424158189888581383783195638559190500421270380923706125803143858572551049755597076035208137740381015847204686747869216837731
0.359534731304465065111375317977220521659010487028799668362891590673430692456864314683526718222908848881559157243083666946386305617245415049299719575361430944882389433109874344223678572600494670355309197651814914160199883887100746235583834649051526571270525325650832980221427163218052295856212510586836278343641895985429709021147596010061855200213715210807887677187560625794551827226390758259747951482100121393390734885366092150051804160523441330705798561194071678798181780297988825148461822402204149190920174280768002174759245446354385171117794049098973450887790221916374237369121593998589119292459836118279672406200982
0.134787952212118228297149796019241349872705637502030686417842497658317802448431812171156155638778659254353766766589761772892875899364689058258276030531747481077542959178350423028763750286445674118273434566617842107830590003280426888688721645194863398650347721802833182356151281516187388861488279250698143531131120950590011973357260233177370381192247712225251076490139316395779028187832934173805327246408982262811709438537826866158836391607096764130684303570780659243228563863335649023669421607049834520291776963841952814178628287424433499271952060407639045230952490608208559911884426813083741384251729509400678637763433
-0.624083135072348584973029739538908296730412117645740243844557104168534831098990077736150058616539855375309391525635813156835800453657551793073562107732820728085065933944629025692371621946139619533284567005350363254003996130710060330014277076871613110049200908937217387352578022953057197393299857408849320542514318727099840188955978922086827459165539865928273114511092212044707574928292259760724534771345046522515329564560766310024336253645530443020448197203572842856641382932839269315541864361949985665458082942197997096643576941987769148295739635718401557243925380249526017179468350140355838121448419315401709022191129
0.292234693907011915782307058487495716685093002948683110913015528756142660126254188355556170623434751529241091103632757141776654101465577597272505513022980096483494661170350917949284720265816432510819178821232725300941108673259051438813321290851570254802936375458284128626973214312780050344188348148304973627849128295128626161853411193402313383496598528731188559067365646241063942176241639523395077721063391799565053519252044513813172982053552313078233702970528146857092947179505174922668933438354846908586393786026259335886758239667078413805507697522645063281818084720964654657781993134430536267044807476727773951861034
-0.445547906586661405492128306935428706776225347455335020878005925162923698630025445986605266888100340413989665707627873973793805610785908402349242388487344637444303365643575715395432854098351126729676975578861472668348619556261518995057084093111908102553599774813287085392745374830531286597145070009277721877302293227918417433689827161761842825395205008289796641121158201380171954934046301566185526784564720436911838126831212481039236061703658976295297531901575849310292634737160480047239555600641971650378799623785093258697200041611214310373637473170236102811059002732989882946276965335069281368913759019861197103390289
0.727711781430496881557683896866183867673818536127962319234921357579525762835560623270499235650920861264351115655403302802659087244386357541879118034015143100372134503300481923729760929099730791774261901502512880909226814871344998304689418333030448836501481123540431907874743374843011079676841316750433054539016438554802193333804152427678591290781145268040297429430527831803087644418601670236217581299726200057891606797228734825545859432339698273931317376603903288080095794300161297703427295279764022222794593709850732235261701322686100135670163033923520323005376238489693651444632545425241238569252045805995927664596919
0.426498436338642599146537692141739126852393960962526666351538951510215307622392287361954327968474039705839397944077500850869536466967867919786472412874561873278883066700390021948197752919430967076521908341997254555588818095854534485144110755302423257298616061681240775633309221606570263808865987013800322052374022934293821084783965353781805307415065672500016254264576607526824809629824902371244328636152233214338338867021405844736060812310712806490582001104506925109312695882841703939994346611595456313520106440894866708881983853743224577734311958484706117495515336896392780368709414107739967247451157646678232670556778
-0.131234624155164099768200997695191152024267823472855438841594959622003059731916782750177334480175688566255865793853445674072075818382132059653396100834392932801563600829828637917038803995204670452857187394200064171256573232795421371689162228332521225142079030263260041286781733204106802760317296425829682265061654257716168412918396819053436846672159163497781293511527276579649389208588431440791292444609499321187527422143342454157952325483006377590773208165656361231449869111423120330314330080505487066614927131633530112163073732240513836536195115692967832923955125014375242916786624748293967503246845446067754818809409
0.422572312972686024556107715622696864274280673837701474133140575695185687903989318104329037748881128010055017902000515994337257717813815000337048042432032596594849396472532407634512976074394038331750353128551401374789559821857407576912717233111557233895581619854874443171474511585056745871755062670874027550973485996538571428020106199354883073871153231247264250937581038629908890094208160399514909293295786485869419884724414264915268142536254273464171362358821997352334013665580598734132243789787980180679026604673024426716588597422403433505357596454977495234122552361278694049721630550382043055457401013254791587043348
0.121535474662330366090919607426679023010648998606117049387674141829247936370238224113170949776184053801020861578021467536957919665185797832336919547922183206935120120111678158908370376473320759945622254930052075838019909555547741723334619454158827337756269037183237924717455765244380926343469789595376177031048351165710687279927628681814495002722080396114320569829799558966756936873693463555617160285596900774399468379339721031146972748168829925765572334619577023905349872532551204139553330427160280372924576629124213456296575427386540228669840724377236059655048610600695653090468681097473829928275852609272618929451747
0.563867309100274141261380372913621521660960943643294344648194985342448270565599804077720506794838432755010222443094272894280589170648326962296957962758445315537303631251120557086469413663479276696441437059585178933085121636797812350548253196122458255948825971588547538486967473688152718402852994824722336227337336933399875651390359864444477370573136778402701217924948388265038606432838732194128981723274558048689561637391417785642050254168211254906753062577534153583476606272744735500989614743012452577583330653304866893881640093191741745761409454430651834138958596152134747590391865078461622871907564831497507642792886
0.422100282906920913209318968888753135628017695745772362561987169427690225103182424086152194927763597631170301887229041233425635257265105001254469875929759790024467572506723276069262617926428192300808780596476662658276606886928712111244934678297926933458881953051400762902040710996815324562853488400711445847599440134621931124962085212586592084107159351939131387403787716836547526329839481927377789468078834344543833535101349579105627683119845120217766092269607232798136673687802063955832043199266560876649851868264675165207437374763886100105554820245263536683451456452652982331419441860250390139966560987454564811662385
0.172114252939280439559240475919452970581752966627407399758072343056538203133028085634030192506722403622799842327425857722540629539535729309480345057981441690958981981264423758599503885890438044669944825029044177310128833558913242348642198685878968571237321077434280894142137955183464510831374631486401377661401172357445512770977831817761778081430621988139859515376240797554543904039296402757076383793567835151015001843737341631649501146269393908364756129398392204077052427009368321654590115115534692105526255755004545816624427619172012169123751824012062952289692215396767004685018681808917531952261052233397785414805475
-0.0937693186340995964985787133232658113223365438204350429143524528392289917975142123424405248169577304407452354550355893503284853091327123740037219930798217960976671191850191597130819873741046359878042493597395936886570192279902313305584002618864144339197278159363187262620256627907082424316993781493192130758173008952982669973553639092460585162038581267303306825142600340825480044133647517298704438931622340501966661490029603495603559776428542964390898871201151760627650333090679588704995283354075959955293308239423559047755921220771244495919381701250738999898781939075101630888213332654622267749037006341590365869923443
-0.185848000974706263622280711825240839559044060802156113441576186816695643374534325568633319188550757369255992780735050036876288323502246731364970451512008207358206185948926590950524306579561637625013048255418501050853452410197277203211605752571766664481570223321148393986576242322105237708851526157892123691568999695879739829902541667361284022629140387865682008020516427540338969262303328704329871377355894268451199246566869677983795854083425912815757731744995438301250546193398366380465575149566389937154684081755945427234488392437055794068618652940140482777272684694740224608477336579641148117507330027463440211720118

