0 64 -397 -462
0.989220971282164796001
0.62363009417984893723
0.612878152564396483371
0.979075109028498591357
0.544824184990373105997
0.0108367961873059703154
0.841121985041809461237
0.308444809315489232304
0.898105654333572700487
0.865152868683967901653
0.32635090545934003492
0.697460666146139773858
0.560176886587655409322
0.0066842837859419825669
0.476644462098186283416
0.931928758609540275337
0.449485636910851693582
0.760082769437593341877
0.489589115767699201154
0.905171291072404682332
0.573123862776412917874

727 64 3243 1575
0.0859173744561334412628
-0.573906111270057195384
0.990381255758888023877
-0.355007480328569047234
0.538171702513222549591
-0.120375881218947919371
-0.0475000833466058952625
1.14638650889699533764
0.579823632583719161815
-0.931837361960551113782
0.545175808635137704172
0.626422648147627048054
-0.765616214907507197651
-0.462797177269732407101
1.05681493539447002306
0.0368799719255379770955
0.604748057054256049625
0.314442693208019541373
-0.384893207782924962057
0.345958771189349867381
0.0828637144057615820936

727 128 3216 1550
0.08591737445613344126280000000000000000286
-0.5739061112700571953839999999999999999961
0.9903812557588880238769999999999999999924
-0.3550074803285690472340000000000000000018
0.5381717025132225495910000000000000000011
-0.120375881218947919370999999999999999996
-0.04750008334660589526250000000000000000229
1.146386508896995337640000000000000000154
0.5798236325837191618150000000000000000059
-0.9318373619605511137820000000000000000008
0.5451758086351377041719999999999999999969
0.6264226481476270480540000000000000000035
-0.7656162149075071976510000000000000000043
-0.4627971772697324071010000000000000000023
1.05681493539447002305999999999999999993
0.03687997192553797709550000000000000000135
0.6047480570542560496249999999999999999995
0.3144426932080195413730000000000000000033
-0.3848932077829249620569999999999999999981
0.3459587711893498673809999999999999999997
0.08286371440576158209359999999999999999795

748 128 6447 3175
0.08591737445613410404128866531310771694198
-0.5739061112700675937917938438108256072856
0.9903812557589029316052703275421491648601
-0.3550074803285597141417605577332997274024
0.5381717025132113136683475629414741716399
-0.1203758812189454449497134415343012976541
-0.04750008334660047348789791801554087985513
1.146386508896989527276296123642643117755
0.5798236325837147290078728181824965825494
-0.9318373619605450324561222985759089736544
0.5451758086351471186324633974783384651662
0.6264226481476232740930978197938560980713
-0.7656162149075396834679247961266164231836
-0.4627971772697281204757280452316417459594
1.056814935394497411218091624085691612537
0.0368799719255345475065626604884750032799
0.6047480570542656298679495236557303758533
0.3144426932080157554501702344791874399128
-0.3848932077829263536739504188247315918679
0.3459587711893522265003213782085315265896
0.08286371440575819434894662199281052031315

748 256 6438 3154
0.08591737445613410404128866531310771694198000000000000000000000000000000000110316
-0.5739061112700675937917938438108256072856000000000000000000000000000000000482138
0.9903812557589029316052703275421491648600999999999999999999999999999999999963744
-0.3550074803285597141417605577332997274024000000000000000000000000000000000503158
0.5381717025132113136683475629414741716398999999999999999999999999999999999974577
-0.1203758812189454449497134415343012976540999999999999999999999999999999999480946
-0.04750008334660047348789791801554087985512999999999999999999999999999999999962857
1.146386508896989527276296123642643117754999999999999999999999999999999999876832
0.5798236325837147290078728181824965825493999999999999999999999999999999999843286
-0.9318373619605450324561222985759089736544000000000000000000000000000000000349533
0.5451758086351471186324633974783384651661999999999999999999999999999999999989751
0.6264226481476232740930978197938560980713000000000000000000000000000000000006831
-0.7656162149075396834679247961266164231835999999999999999999999999999999999938935
-0.4627971772697281204757280452316417459594000000000000000000000000000000000844118
1.056814935394497411218091624085691612537000000000000000000000000000000000716961
0.03687997192553454750656266048847500327989999999999999999999999999999999999855449
0.60474805705426562986794952365573037585329999999999999999999999999999999999523
0.3144426932080157554501702344791874399127999999999999999999999999999999999760036
-0.3848932077829263536739504188247315918678999999999999999999999999999999998782918
0.3459587711893522265003213782085315265896000000000000000000000000000000000546017
0.08286371440575819434894662199281052031314999999999999999999999999999999999571942

770 256 12971 6477
0.0859173744561341040412886653113235579108748744983387624632417671511383774071918
-0.5739061112700675937917938438179713786401684561315101433379369334876450363010611
0.99038125575890293160527032754644495136674290636692051836265033613403964347085
-0.3550074803285597141417605577412461333475298891794138496946850448400327455526477
0.5381717025132113136683475629411994067522206897146951833861156394929410362874457
-0.1203758812189454449497134415327520490058308552675713161091293481986283477571914
-0.04750008334660047348789791800192493104084102853561743219595034108179821001740252
1.146386508896989527276296123643682729555864165101684588696316959636418495489602
0.5798236325837147290078728181647945101605008122978209782422052979603798759735169
-0.9318373619605450324561222985798617584589630241368807954754305944285029326077283
0.5451758086351471186324633974859256073523494497036557739332574769420754643771409
0.6264226481476232740930978197923475001053158081670836321763624231715612845902218
-0.7656162149075396834679247961555981738900628324343490777344339664112541077957696
-0.4627971772697281204757280452289175023502633699332520951843859569203658193151153
1.056814935394497411218091624106242568782660944496861766809200026788168282303179
0.03687997192553454750656266050302760207762665629913030191730359230879682014871303
0.6047480570542656298679495236506447409899379250674544508921410910479387252173415
0.314442693208015755450170234467211788040248997727840414690794391662243927857832
-0.3848932077829263536739504188317094092068046652733067419634501857655117460453958
0.3459587711893522265003213782157217388373481590157535781704693854354242928386763
0.08286371440575819434894662199510353926164292716312799629274172531730235425448111

770 512 12909 6397
0.085917374456134104041288665311323557910874874498338762463241767151138377407191800000000000000000000000000000000000000000000000000000000000000000018896006799
-0.573906111270067593791793843817971378640168456131510143337936933487645036301061100000000000000000000000000000000000000000000000000000000000000000076049883861
0.990381255758902931605270327546444951366742906366920518362650336134039643470850000000000000000000000000000000000000000000000000000000000000000000040339095811
-0.355007480328559714141760557741246133347529889179413849694685044840032745552647699999999999999999999999999999999999999999999999999999999999999999967538302558
0.538171702513211313668347562941199406752220689714695183386115639492941036287445699999999999999999999999999999999999999999999999999999999999999999994034511366
-0.120375881218945444949713441532752049005830855267571316109129348198628347757191400000000000000000000000000000000000000000000000000000000000000000007117038512
-0.0475000833466004734878979180019249310408410285356174321959503410817982100174025200000000000000000000000000000000000000000000000000000000000000000002043565792
1.14638650889698952727629612364368272955586416510168458869631695963641849548960200000000000000000000000000000000000000000000000000000000000000000030113303595
0.579823632583714729007872818164794510160500812297820978242205297960379875973516900000000000000000000000000000000000000000000000000000000000000000181254640053
-0.931837361960545032456122298579861758458963024136880795475430594428502932607728300000000000000000000000000000000000000000000000000000000000000000001175889285
0.545175808635147118632463397485925607352349449703655773933257476942075464377140900000000000000000000000000000000000000000000000000000000000000000013063830854
0.626422648147623274093097819792347500105315808167083632176362423171561284590221799999999999999999999999999999999999999999999999999999999999999999998541868043
-0.765616214907539683467924796155598173890062832434349077734433966411254107795769599999999999999999999999999999999999999999999999999999999999999999989539447696
-0.462797177269728120475728045228917502350263369933252095184385956920365819315115299999999999999999999999999999999999999999999999999999999999999999886025531657
1.05681493539449741121809162410624256878266094449686176680920002678816828230317900000000000000000000000000000000000000000000000000000000000000000001043517366
0.0368799719255345475065626605030276020776266562991303019173035923087968201487130300000000000000000000000000000000000000000000000000000000000000000045559791759
0.604748057054265629867949523650644740989937925067454450892141091047938725217341499999999999999999999999999999999999999999999999999999999999999999995204209254
0.314442693208015755450170234467211788040248997727840414690794391662243927857832000000000000000000000000000000000000000000000000000000000000000000062651073867
-0.384893207782926353673950418831709409206804665273306741963450185765511746045395799999999999999999999999999999999999999999999999999999999999999999994774530103
0.345958771189352226500321378215721738837348159015753578170469385435424292838676300000000000000000000000000000000000000000000000000000000000000000310533044801
0.0828637144057581943489466219951035392616429271631279962927417253173023542544811099999999999999999999999999999999999999999999999999999999999999999999962034342

791 512 25850 12881
0.0859173744561341040412886653113235579108748744983387624632417718877468528920308408553359813562884592420613426877785144186055529714920678066512024016105428477
-0.573906111270067593791793843817971378640168456131510143337936907296088207488145855478945892892821063591662597074974876418229798956632036322257996931195752874
0.990381255758902931605270327546444951366742906366920518362650315760563433917859667560102740005708144962803353771615660511691248843508012141133666720961478518
-0.355007480328559714141760557741246133347529889179413849694685027307095303349946180294626131091184425150937954555283134863921636902530154389221838553706130801
0.538171702513211313668347562941199406752220689714695183386115646476416051022202846869869638567535738295092131765901495006925069885290143780325528248179498991
-0.120375881218945444949713441532752049005830855267571316109129353907310494501192438944791747018960044989561744348757399128762276058545415874723263483999566091
-0.0475000833466004734878979180019249310408410285356174321959503832067108497837203782099459155940489697419657330415893892309565658064851345500386353595461929117
1.14638650889698952727629612364368272955586416510168458869631696003860743224108720305338539903202594365295942142713683549526496236062925064772609813849815119
0.57982363258371472900787281816479451016050081229782097824220535105552038741918621493290282702402002464526615505273618949206181133344987572225924098473610454
-0.931837361960545032456122298579861758458963024136880795475430586609334037230811605462161286394532128788853476969645840018767065322661127386685228430280909892
0.545175808635147118632463397485925607352349449703655773933257449924286230062746794372291144105595940527994762305611469489278254067498636139432861544074382041
0.626422648147623274093097819792347500105315808167083632176362429603137000691641289284050216523655964947451448960416004501961344908588883429292631831283722134
-0.765616214907539683467924796155598173890062832434349077734433865464459869249571121706281167933099373757331091875820323643681163989578215268709364481786977672
-0.462797177269728120475728045228917502350263369933252095184385967111912738181244669313227457576878175276123168844085013319313065383817069169073102299469879499
1.05681493539449741121809162410624256878266094449686176680919995304894937667642770736316726488072564355800804945387786297175463035332815985973536533537584242
0.0368799719255345475065626605030276020776266562991303019173035533514856693538038391404426082825800344380350551585578157650455753955443101391223817050509961961
0.604748057054265629867949523650644740989937925067454450892141099413468407729703155709860331245709333652106125359455373243928713593923956181050319183070859245
0.314442693208015755450170234467211788040248997727840414690794428214181304426029301050259189417867396878497628082320298936461736330424482276192524913812762546
-0.384893207782926353673950418831709409206804665273306741963450165169748873190734213677194291641597581248999580446119407930492067505851774073710627613502720084
0.345958771189352226500321378215721738837348159015753578170469363598139126200442706571279774192806642102278000054188439265616840746482548661946176460003825615
0.0828637144057581943489466219951035392616429271631279962927417205924743654807552112053523885026341741780827717915974807194392014395280095677801600846278709581

791 2048 25869 12876
0.085917374456134104041288665311323557910874874498338762463241771887746852892030840855335981356288459242061342687778514418605552971492067806651202401610542847700000000000000000000000000000000000000000000000000000000000000000000000000000000000000000000000000000000000000000000000000000000000000000000000000000000000000000000000000000000000000000000000000000000000000000000000000000000000000000000000000000000000000000000000000000000000000000000000000000000000000000000000000000000000000000000000000000000000000000000000000000000000000000000000000000000000000000000000000000000000000000000000000000000000000000000000000001
-0.57390611127006759379179384381797137864016845613151014333793690729608820748814585547894589289282106359166259707497487641822979895663203632225799693119575287400000000000000000000000000000000000000000000000000000000000000000000000000000000000000000000000000000000000000000000000000000000000000000000000000000000000000000000000000000000000000000000000000000000000000000000000000000000000000000000000000000000000000000000000000000000000000000000000000000000000000000000000000000000000000000000000000000000000000000000000000000000000000000000000000000000000000000000000000000000000000000000000000000000000000000000000000001
0.990381255758902931605270327546444951366742906366920518362650315760563433917859667560102740005708144962803353771615660511691248843508012141133666720961478517999999999999999999999999999999999999999999999999999999999999999999999999999999999999999999999999999999999999999999999999999999999999999999999999999999999999999999999999999999999999999999999999999999999999999999999999999999999999999999999999999999999999999999999999999999999999999999999999999999999999999999999999999999999999999999999999999999999999999999999999999999999999999999999999999999999999999999999999999999999999999999999999999999999999999999999999999999
-0.355007480328559714141760557741246133347529889179413849694685027307095303349946180294626131091184425150937954555283134863921636902530154389221838553706130800999999999999999999999999999999999999999999999999999999999999999999999999999999999999999999999999999999999999999999999999999999999999999999999999999999999999999999999999999999999999999999999999999999999999999999999999999999999999999999999999999999999999999999999999999999999999999999999999999999999999999999999999999999999999999999999999999999999999999999999999999999999999999999999999999999999999999999999999999999999999999999999999999999999999999999999999999992
0.538171702513211313668347562941199406752220689714695183386115646476416051022202846869869638567535738295092131765901495006925069885290143780325528248179498990999999999999999999999999999999999999999999999999999999999999999999999999999999999999999999999999999999999999999999999999999999999999999999999999999999999999999999999999999999999999999999999999999999999999999999999999999999999999999999999999999999999999999999999999999999999999999999999999999999999999999999999999999999999999999999999999999999999999999999999999999999999999999999999999999999999999999999999999999999999999999999999999999999999999999999999999999988
-0.120375881218945444949713441532752049005830855267571316109129353907310494501192438944791747018960044989561744348757399128762276058545415874723263483999566090999999999999999999999999999999999999999999999999999999999999999999999999999999999999999999999999999999999999999999999999999999999999999999999999999999999999999999999999999999999999999999999999999999999999999999999999999999999999999999999999999999999999999999999999999999999999999999999999999999999999999999999999999999999999999999999999999999999999999999999999999999999999999999999999999999999999999999999999999999999999999999999999999999999999999999999999999998
-0.0475000833466004734878979180019249310408410285356174321959503832067108497837203782099459155940489697419657330415893892309565658064851345500386353595461929116999999999999999999999999999999999999999999999999999999999999999999999999999999999999999999999999999999999999999999999999999999999999999999999999999999999999999999999999999999999999999999999999999999999999999999999999999999999999999999999999999999999999999999999999999999999999999999999999999999999999999999999999999999999999999999999999999999999999999999999999999999999999999999999999999999999999999999999999999999999999999999999999999999999999999999999999999993
1.14638650889698952727629612364368272955586416510168458869631696003860743224108720305338539903202594365295942142713683549526496236062925064772609813849815119000000000000000000000000000000000000000000000000000000000000000000000000000000000000000000000000000000000000000000000000000000000000000000000000000000000000000000000000000000000000000000000000000000000000000000000000000000000000000000000000000000000000000000000000000000000000000000000000000000000000000000000000000000000000000000000000000000000000000000000000000000000000000000000000000000000000000000000000000000000000000000000000000000000000000000000000000002
0.579823632583714729007872818164794510160500812297820978242205351055520387419186214932902827024020024645266155052736189492061811333449875722259240984736104540000000000000000000000000000000000000000000000000000000000000000000000000000000000000000000000000000000000000000000000000000000000000000000000000000000000000000000000000000000000000000000000000000000000000000000000000000000000000000000000000000000000000000000000000000000000000000000000000000000000000000000000000000000000000000000000000000000000000000000000000000000000000000000000000000000000000000000000000000000000000000000000000000000000000000000000000000014
-0.931837361960545032456122298579861758458963024136880795475430586609334037230811605462161286394532128788853476969645840018767065322661127386685228430280909891999999999999999999999999999999999999999999999999999999999999999999999999999999999999999999999999999999999999999999999999999999999999999999999999999999999999999999999999999999999999999999999999999999999999999999999999999999999999999999999999999999999999999999999999999999999999999999999999999999999999999999999999999999999999999999999999999999999999999999999999999999999999999999999999999999999999999999999999999999999999999999999999999999999999999999999999999994
0.545175808635147118632463397485925607352349449703655773933257449924286230062746794372291144105595940527994762305611469489278254067498636139432861544074382040999999999999999999999999999999999999999999999999999999999999999999999999999999999999999999999999999999999999999999999999999999999999999999999999999999999999999999999999999999999999999999999999999999999999999999999999999999999999999999999999999999999999999999999999999999999999999999999999999999999999999999999999999999999999999999999999999999999999999999999999999999999999999999999999999999999999999999999999999999999999999999999999999999999999999999999999999997
0.626422648147623274093097819792347500105315808167083632176362429603137000691641289284050216523655964947451448960416004501961344908588883429292631831283722134000000000000000000000000000000000000000000000000000000000000000000000000000000000000000000000000000000000000000000000000000000000000000000000000000000000000000000000000000000000000000000000000000000000000000000000000000000000000000000000000000000000000000000000000000000000000000000000000000000000000000000000000000000000000000000000000000000000000000000000000000000000000000000000000000000000000000000000000000000000000000000000000000000000000000000000000000013
-0.765616214907539683467924796155598173890062832434349077734433865464459869249571121706281167933099373757331091875820323643681163989578215268709364481786977671999999999999999999999999999999999999999999999999999999999999999999999999999999999999999999999999999999999999999999999999999999999999999999999999999999999999999999999999999999999999999999999999999999999999999999999999999999999999999999999999999999999999999999999999999999999999999999999999999999999999999999999999999999999999999999999999999999999999999999999999999999999999999999999999999999999999999999999999999999999999999999999999999999999999999999999999999989
-0.462797177269728120475728045228917502350263369933252095184385967111912738181244669313227457576878175276123168844085013319313065383817069169073102299469879499000000000000000000000000000000000000000000000000000000000000000000000000000000000000000000000000000000000000000000000000000000000000000000000000000000000000000000000000000000000000000000000000000000000000000000000000000000000000000000000000000000000000000000000000000000000000000000000000000000000000000000000000000000000000000000000000000000000000000000000000000000000000000000000000000000000000000000000000000000000000000000000000000000000000000000000000000001
1.05681493539449741121809162410624256878266094449686176680919995304894937667642770736316726488072564355800804945387786297175463035332815985973536533537584242
0.0368799719255345475065626605030276020776266562991303019173035533514856693538038391404426082825800344380350551585578157650455753955443101391223817050509961961000000000000000000000000000000000000000000000000000000000000000000000000000000000000000000000000000000000000000000000000000000000000000000000000000000000000000000000000000000000000000000000000000000000000000000000000000000000000000000000000000000000000000000000000000000000000000000000000000000000000000000000000000000000000000000000000000000000000000000000000000000000000000000000000000000000000000000000000000000000000000000000000000000000000000000000000000003
0.604748057054265629867949523650644740989937925067454450892141099413468407729703155709860331245709333652106125359455373243928713593923956181050319183070859244999999999999999999999999999999999999999999999999999999999999999999999999999999999999999999999999999999999999999999999999999999999999999999999999999999999999999999999999999999999999999999999999999999999999999999999999999999999999999999999999999999999999999999999999999999999999999999999999999999999999999999999999999999999999999999999999999999999999999999999999999999999999999999999999999999999999999999999999999999999999999999999999999999999999999999999999999987
0.314442693208015755450170234467211788040248997727840414690794428214181304426029301050259189417867396878497628082320298936461736330424482276192524913812762546000000000000000000000000000000000000000000000000000000000000000000000000000000000000000000000000000000000000000000000000000000000000000000000000000000000000000000000000000000000000000000000000000000000000000000000000000000000000000000000000000000000000000000000000000000000000000000000000000000000000000000000000000000000000000000000000000000000000000000000000000000000000000000000000000000000000000000000000000000000000000000000000000000000000000000000000000001
-0.384893207782926353673950418831709409206804665273306741963450165169748873190734213677194291641597581248999580446119407930492067505851774073710627613502720084000000000000000000000000000000000000000000000000000000000000000000000000000000000000000000000000000000000000000000000000000000000000000000000000000000000000000000000000000000000000000000000000000000000000000000000000000000000000000000000000000000000000000000000000000000000000000000000000000000000000000000000000000000000000000000000000000000000000000000000000000000000000000000000000000000000000000000000000000000000000000000000000000000000000000000000000000004
0.345958771189352226500321378215721738837348159015753578170469363598139126200442706571279774192806642102278000054188439265616840746482548661946176460003825615000000000000000000000000000000000000000000000000000000000000000000000000000000000000000000000000000000000000000000000000000000000000000000000000000000000000000000000000000000000000000000000000000000000000000000000000000000000000000000000000000000000000000000000000000000000000000000000000000000000000000000000000000000000000000000000000000000000000000000000000000000000000000000000000000000000000000000000000000000000000000000000000000000000000000000000000000002
0.0828637144057581943489466219951035392616429271631279962927417205924743654807552112053523885026341741780827717915974807194392014395280095677801600846278709581000000000000000000000000000000000000000000000000000000000000000000000000000000000000000000000000000000000000000000000000000000000000000000000000000000000000000000000000000000000000000000000000000000000000000000000000000000000000000000000000000000000000000000000000000000000000000000000000000000000000000000000000000000000000000000000000000000000000000000000000000000000000000000000000000000000000000000000000000000000000000000000000000000000000000000000000000015

811 2048 123353 61622
0.085917374456134104041288665311323557910874874498338762463241771887746852892030840855335981356288459242061342687778514418605552892713588933334530596533773934410676482402768147780587845455798256003633348802449339013926215841784036217284218050403806450503732293255335525011082216018879453187367158834616522202291392073523600879477400535306345531372121643505858972674467980012030233706526159121153770273654502060870470523976095082034447559465194985064722590742725481046377189898375593115281272923859449044385023232843273588248474199074382601768901430031181013872693963102659136239188049740605531544235330180900761316396664
-0.573906111270067593791793843817971378640168456131510143337936907296088207488145855478945892892821063591662597074974876418229799338458227815874054181388616120378040198571218938215419782277367607357428944600234626968868901279927042707415569524111050085458109579942556553155836954996481190212541426242831577858318770010042645314264847323134656511509111650713066925175997673442733847441550710207820354896988707233045212581849556648422347946320985327229916428289547141306727249899462613738762000217326620425711325659552892625843600231210213037428874994745533821837049488896794937562124410699135598764459447896838252470279987
0.990381255758902931605270327546444951366742906366920518362650315760563433917859667560102740005708144962803353771615660511691249116861403326967677919239710981838657649382390130446759415678484575409869244938517592768407780852755816801281855459736560198355044532530908764314600946747046238863827584106764131576988429066324043241481680613443216873673651349821549124180520468513763311273533569481515108808493101452774110933259976734127632914761548487386291270965364378251261229360037547597034240079032164291489976438266422656534471271130545643310172525289866576196724931301749022861442850297307125201902547090218819073584266
-0.355007480328559714141760557741246133347529889179413849694685027307095303349946180294626131091184425150937954555283134863921637223431215860815592280861557823194901805835059583633505448068606923112883806894622859273760284794134609167529898696815979348096299989133479920926202046888607583427395537142282465915371209566078399227956767708638024300204243083040977219609576629044652993507471129332980646725217205974054541893754851809763968335660844617560409532181485010708685914608761493695060014896074817822207039586523203199399387093640263754785137139924057164979853103409153735026895576675503649387448241833419912129176947
0.538171702513211313668347562941199406752220689714695183386115646476416051022202846869869638567535738295092131765901495006925069818281161881711884995902225694526254251251423761135969506242171977031268083042795371623872417490380554334464739455344265662375001615062419463017448229986139374162513127641304284193764957015672852808605306859319290736916406523477491606494644258861918897933668704766658269062832450866496455932674133159618146010086353837229316375714290781319750141064786068077266315169231827850455093789274228281754605279970177027129465040754202587150112443019702599963996696429970530002599966388739011061083482
-0.120375881218945444949713441532752049005830855267571316109129353907310494501192438944791747018960044989561744348757399128762275975487823914405673552834094472109604617303576619344768678632103726755446425381295987415493529864668781283616222827172400291880773464485082281781629843773681488596251420210378241929465017823850615664437238603977976878981589104595379956824726981160934977560818907089780239601658823848459490879113539798628746622963487854547754928408351636989072295121635763193840020088212788885874014321408901684584539708708589863533577418153009323384758195251882385062676069185848235531254566996510329600974592
-0.0475000833466004734878979180019249310408410285356174321959503832067108497837203782099459155940489697419657330415893892309565651498167625790377467076526840650160022464159574686210477334035956275912795668417704984111900939490784807094482356963614620173237899203811779754713665460875958454331494805647625594922881958354020199103936928848909776211783399249809523186858525821924000637011108278769038265012080687636910085124416933828949854301132985076525212251861132408200436909589340769121634343353617764993799346226634550239059583908470686774561709209146933235727414507365443061770370026823354318712074607634222612738373378
1.14638650889698952727629612364368272955586416510168458869631696003860743224108720305338539903202594365295942142713683549526496238350820745091104412461896750696747066777018073966183141844785553644383238800872289357287713510125120911165958012447688915084015314857432988394395904976892987842380326467259009779532845130862591916601589873134173155587481807286227019124119076411026784083575217761092805308472844190449829674999738864359971953979844348445157277220237422425962925797018402494124415789910940070575296276863900399381897474047125040006453019682447698106537338364249488470250104188409980565593908358352648099790863
0.579823632583714729007872818164794510160500812297820978242205351055520387419186214932902827024020024645266155052736189492061810490445910688073127546405593045095418402962002012116139944994255475633924469827843778347019886570500796328326924614896521439979115426521736123650908976476933649557749924655909563760799560327775547414419846840922619767395050251763025877249771992506299756792096828347377297184716720389136614750528711237583255060626361708227988027873770306896069438942786747208905981960781770750117720359283522476633600050546569440948056916092260329449702240030964902462750092108326566620359294844887725219796801
-0.931837361960545032456122298579861758458963024136880795475430586609334037230811605462161286394532128788853476969645840018767065475027084846756285249498475873239208437517762729824534738165497544142967270316027544144046462182617461394919160255756167558590422187134647763599366446084500315667610906012360754598025614640573997988313102774643596911057060781078270399996559808967743124267606005218843671226264849542766568592039138399319265406616158891674060285475636388332826182330420559306192411885586392030293724190033561776467043298658236118436415002883441076042060892774393895860424413551911168020023154422582822775297137
0.545175808635147118632463397485925607352349449703655773933257449924286230062746794372291144105595940527994762305611469489278254461474943856726063277293755143572599906330603117616608769555236441256842130345092184215643583731296613915310844815663411071626580456826606176065102718601481949568834906371921076480377305093210156291026277765410098153022322065511973143895514854561800658633863481179989356577706845542877437332951811077234609461113758774016961792635137646431206928269037202313897832578508465539794466345403599507341580892683703547171621124712231790775717481257234184416175489218243180195792867402286614786431059
0.626422648147623274093097819792347500105315808167083632176362429603137000691641289284050216523655964947451448960416004501961344819296056335749455519929158128678966808922330995285149224745564770039100777370079068680874926906328747886417430183802992847137144733869895155237271639028126299564431301171797448257431098042239651015553483570006878187235167147469400517760417715113377361690963750852119728765953427837783113439075381879713870173371132093587617675098324933764350126816177530180706064444392705425400079647285024982858618762815663318020203346602485066811196398293136073841227622000712881569683577380958203304385026
-0.76561621490753968346792479615559817389006283243434907773443386546445986924957112170628116793309937375733109187582032364368116548802979070793844494500041415530271224239045058883329690953339119582182675773971838183014935297616961254510520908904422054018354500664980628722389184507362328672149191514052283909077027344267668670072447411769003424481728584028919805320412949773921601116877827708119181022800947372060973622557466862430501593826582732345121202658513970990338884512322035990970032671108375134902453162006094330873636790611521254727879352943278865335196341327414419221006496886414055915645452097875930951185286
-0.462797177269728120475728045228917502350263369933252095184385967111912738181244669313227457576878175276123168844085013319313065238521242811412920296346566652239709534347710603080941685362900107047785462131000597150159195137534923165669022742278986634177414058348161380871264958532866181606942982251429680116248535056372953490937963455205743839811686839422745848482763476487222150293701667993402097215358159946257903211707425413755277914361845512856076114140505527443493666533706896820650834293357844065392759060123498088394972528972122071719790310511585981843870097966681425393680482397382537129035579911839754473291651
1.05681493539449741121809162410624256878266094449686176680919995304894937667642770736316726488072564355800804945387786297175463144578003332687584644412406753529085506148522707901248060059549009157366931215554772608379003747607917390904595683185680325559723387430146633679278244597688121919516868984823399446921040536359983288508267623747880174437148346673057024003096040455126014113765271304248482209970736028620708866525490108111181421814278196870270867299218265715132545657171252423574726398154042444922274468749581690693114077958796775380675936862965777760891963169045535934634234004256703452001365610735424589432816
0.0368799719255345475065626605030276020776266562991303019173035533514856693538038391404426082825800344380350551585578157650455760594129285874801825907752433656378467406635568284496449843851267414214965374419381909908018804236001068872932695514119974539928174210614221002661546098604736416073034508515167877162104310489022589969517199043616746928711132184722967420190709297193707596766288793828366334883990020620220304783003154780403301463509390949311831905107516139071662020189548682891151743793002871542210549690777620392101774443697654692815037920248118714982492038599912526101832455996737764193723868131097110992104816
0.604748057054265629867949523650644740989937925067454450892141099413468407729703155709860331245709333652106125359455373243928713396081545008719707629493369317575593440915199933641050987931242480833227554251630944993917576895032821120598959698919609937793105491605117074367151106717711833978744962266660290480305478577857841568287088371715337444464195994888458637808921940277666733594145270604912650756235335397327088173290008196964102867645625862846609144819640975726218035088492428296837631889873024353275942970042841250671196824232132850799872374334680461911898352635688027833780990592126180906519931705184925323026431
0.314442693208015755450170234467211788040248997727840414690794428214181304426029301050259189417867396878497628082320298936461735768949839386429144485976386987884983999129519447377200964357899478855477544085090767748185693572429374655906474542345230121688786225308229831964925317142357470433187466932520965884445771996554746860539151172237914763212696632208591327775227094017063291271857886670845639496368326280822879672291292981037932229311358276087024559185975125617068823100133914845253358354358680957434862865515446922814937517348231880530079985691254905551760597491212748960921326177151956629522940385626383409898663
-0.384893207782926353673950418831709409206804665273306741963450165169748873190734213677194291641597581248999580446119407930492067838286488739588779458076443068801075939354956485554512813992977367666798746688825703348596760862163011282885118608697322906002577592864349404110766544234416933616628084701339940995276937518789261677001604211702654234821252262100979640381653916046759894205707538518145256276640532105104394366093933998878644075365421346983196850734644429370544493384724177943237221521307434761507073437817564913305433833100494180905977197708834765819377599651414360667049616899357618225803878603005865647625831
0.345958771189352226500321378215721738837348159015753578170469363598139126200442706571279774192806642102278000054188439265616841085770307109645230571001549970878051273153994388702564958100103293784960737002493654966200387933920561587498000154903824622848106370192460809667766196985757015657340948364539453134767545939255680493683552916200504467991789634043478441218071501743269889206817498248674089424894945006691964814567387716471306084896473515154048086583459814901239610012361858224825673064712583550078843918406751147373262972599018995068710300863749389320069790214278833417045130511477803699402055863992764628195289
0.082863714405758194348946621995103539261642927163127996292741720592474365480755211205352388502634174178082771791597480719439201528071868647314514180829893426824600485492685887384050919218605372771636373907672144649491222037180147031588414661116660769679762084697119587844769313528116971940051256286102443779547709956218733757540091847187222866281456782488154491560362450289389220456258003610876243110742923358240431227644929626364972747161024597964331869634816899218851823164781108287205383833062858746496368714774763553235859074551344985225810744794338137537399655450243497845118924018927900570986563835092081187294947

