0 64 -407 -472
0.613660634072661359539
0.981288745887108904142
0.261892340049437788441
0.843962756868510410868
0.0808666705287917897405
0.762196616258587700266
0.639038319066234539179
0.851218251144106319295
0.711475735720582980193
0.619226955338478712854
0.539356455257388622826
0.50230346481184695584
0.801930809172961778231
0.56165367072078797861
0.791081158614766799531
0.26358769397465958706
0.307698388109745646357
0.999114876901602055881
0.433950279623969426002
0.655734715500939424615
0.429937846514839017154

132 64 3148 1548
0.477606973903017040239
0.806386286985399936
0.217962442213153140269
0.539194013876640232397
-0.126838495305105408706
0.363527935987627226488
0.100069079042757205777
-0.215486800167240560855
0.139876641119531130997
-0.0765522772632542258808
0.372733220617845362188
0.0416635436163230593598
0.170737429312695310202
-0.0963161125220910047107
0.511181918975231686098
0.681910860879845315274
0.301880290071873724767
0.77233123735063713422
0.506022963880735310305
-0.412714186016562623038
-0.849431166166528917039

132 128 3141 1449
0.4776069739030170402389999999999999999851
0.8063862869853999360000000000000000000113
0.2179624422131531402689999999999999999973
0.5391940138766402323969999999999999999952
-0.1268384953051054087059999999999999999989
0.3635279359876272264879999999999999999528
0.1000690790427572057769999999999999999804
-0.2154868001672405608550000000000000000052
0.1398766411195311309970000000000000000069
-0.07655227726325422588080000000000000000046
0.3727332206178453621880000000000000000028
0.04166354361632305935980000000000000000022
0.1707374293126953102020000000000000000102
-0.09631611252209100471069999999999999999937
0.5111819189752316860980000000000000000406
0.6819108608798453152740000000000000000047
0.3018802900718737247670000000000000000039
0.7723312373506371342199999999999999999904
0.5060229638807353103050000000000000000204
-0.4127141860165626230379999999999999999941
-0.8494311661665289170390000000000000000153

150 128 6356 3156
0.4776069739030181207393100128080380876968
0.8063862869853981505374945401251471123722
0.2179624422131511898863633485357579101111
0.5391940138766384837925456674348271896156
-0.126838495305105380171864638394187056419
0.3635279359876283820991174774099020607162
0.1000690790427563733190786094754287171076
-0.215486800167239858634749488928865957884
0.1398766411195316826231351600696624706318
-0.07655227726325442542122961064492075256455
0.372733220617841682582664766672293233794
0.04166354361632018624076107285621717931145
0.1707374293126963582372735803784660405949
-0.09631611252209109519620408752551122429641
0.5111819189752328681355046676184225370286
0.6819108608798419075571533753206860059212
0.301880290071876265008653109247407847083
0.772331237350637449399736803515047573734
0.5060229638807361970055932337733013514577
-0.4127141860165600332516633214742713014556
-0.8494311661665317857194732003821649285784

150 256 6331 3037
0.4776069739030181207393100128080380876967999999999999999999999999999999999736907
0.8063862869853981505374945401251471123721999999999999999999999999999999999810973
0.2179624422131511898863633485357579101111000000000000000000000000000000000566786
0.5391940138766384837925456674348271896156000000000000000000000000000000000022188
-0.1268384953051053801718646383941870564190000000000000000000000000000000000181968
0.3635279359876283820991174774099020607161999999999999999999999999999999999816572
0.1000690790427563733190786094754287171076000000000000000000000000000000000071703
-0.2154868001672398586347494889288659578840000000000000000000000000000000000148322
0.139876641119531682623135160069662470631800000000000000000000000000000000057325
-0.07655227726325442542122961064492075256455000000000000000000000000000000000083468
0.3727332206178416825826647666722932337940000000000000000000000000000000000087831
0.04166354361632018624076107285621717931144999999999999999999999999999999999897134
0.1707374293126963582372735803784660405949000000000000000000000000000000000008875
-0.09631611252209109519620408752551122429640999999999999999999999999999999999999122
0.5111819189752328681355046676184225370285999999999999999999999999999999999898774
0.6819108608798419075571533753206860059212000000000000000000000000000000001380534
0.3018802900718762650086531092474078470830000000000000000000000000000000000892508
0.7723312373506374493997368035150475737339999999999999999999999999999999999218764
0.5060229638807361970055932337733013514576999999999999999999999999999999999870468
-0.412714186016560033251663321474271301455599999999999999999999999999999999965505
-0.8494311661665317857194732003821649285784000000000000000000000000000000000020754

171 256 12891 6405
0.4776069739030181207393100128079963393037914494222047133163376945400379033521249
0.8063862869853981505374945401251897835921343041055402520848974456142953940674585
0.2179624422131511898863633485357941220682580690419485084424930379145202561280128
0.5391940138766384837925456674348720742820318951012259444575186146936652696429673
-0.126838495305105380171864638394186080966689924050777652605206182878380488898409
0.3635279359876283820991174774098727285574677681800982010657818374807025721802417
0.1000690790427563733190786094754380327777292010672246871436675540095778711125897
-0.2154868001672398586347494889288747400996706409111592453260339845051588247275353
0.1398766411195316826231351600696546056157460247985402941768720999354403287347741
-0.07655227726325442542122961064492791735835444528794466644961577661012269127366916
0.3727332206178416825826647666723808227872205481342230109850521905785841021739825
0.04166354361632018624076107285628055263913604680989344155805745225192934594721425
0.1707374293126963582372735803784470703843439922013218631436715082144882066172022
-0.09631611252209109519620408752550916768816363014277750782030987420239983565182016
0.511181918975232868135504667618400721877463042997339192133528724167711752237661
0.6819108608798419075571533753207640798789692088174171863540703388812362129648944
0.3018802900718762650086531092472887223345842027477991579842408219080079828438881
0.7723312373506374493997368035150618635207194978550948932998969101576536403145527
0.5060229638807361970055932337732915623092460684956278594337498750697640900236363
-0.4127141860165600332516633214743249792859457410768577166384780724223940806071812
-0.8494311661665317857194732003820812487575732368390813804334798736041343339006189

171 512 12832 6278
0.477606973903018120739310012807996339303791449422204713316337694540037903352124900000000000000000000000000000000000000000000000000000000000000000003786528796
0.806386286985398150537494540125189783592134304105540252084897445614295394067458500000000000000000000000000000000000000000000000000000000000000000001930312764
0.217962442213151189886363348535794122068258069041948508442493037914520256128012799999999999999999999999999999999999999999999999999999999999999999943291558971
0.53919401387663848379254566743487207428203189510122594445751861469366526964296730000000000000000000000000000000000000000000000000000000000000000017922736567
-0.12683849530510538017186463839418608096668992405077765260520618287838048889840900000000000000000000000000000000000000000000000000000000000000000000038089599
0.363527935987628382099117477409872728557467768180098201065781837480702572180241699999999999999999999999999999999999999999999999999999999999999999998568523398
0.100069079042756373319078609475438032777729201067224687143667554009577871112589699999999999999999999999999999999999999999999999999999999999999999935658498664
-0.215486800167239858634749488928874740099670640911159245326033984505158824727535300000000000000000000000000000000000000000000000000000000000000000008635635515
0.139876641119531682623135160069654605615746024798540294176872099935440328734774099999999999999999999999999999999999999999999999999999999999999999999193364031
-0.0765522772632544254212296106449279173583544452879446664496157766101226912736691600000000000000000000000000000000000000000000000000000000000000000194966533882
0.372733220617841682582664766672380822787220548134223010985052190578584102173982499999999999999999999999999999999999999999999999999999999999999999930513820187
0.0416635436163201862407610728562805526391360468098934415580574522519293459472142499999999999999999999999999999999999999999999999999999999999999999829590982072
0.170737429312696358237273580378447070384343992201321863143671508214488206617202199999999999999999999999999999999999999999999999999999999999999999998704147752
-0.0963161125220910951962040875255091676881636301427775078203098742023998356518201599999999999999999999999999999999999999999999999999999999999999999807800525687
0.511181918975232868135504667618400721877463042997339192133528724167711752237660999999999999999999999999999999999999999999999999999999999999999999928094693059
0.681910860879841907557153375320764079878969208817417186354070338881236212964894400000000000000000000000000000000000000000000000000000000000000000000710498489
0.301880290071876265008653109247288722334584202747799157984240821908007982843888099999999999999999999999999999999999999999999999999999999999999999997570369129
0.772331237350637449399736803515061863520719497855094893299896910157653640314552700000000000000000000000000000000000000000000000000000000000000000003728685196
0.506022963880736197005593233773291562309246068495627859433749875069764090023636299999999999999999999999999999999999999999999999999999999999999999960230356427
-0.412714186016560033251663321474324979285945741076857716638478072422394080607181200000000000000000000000000000000000000000000000000000000000000000029431592076
-0.849431166166531785719473200382081248757573236839081380433479873604134333900618900000000000000000000000000000000000000000000000000000000000000000000606862383

190 512 25829 12806
0.477606973903018120739310012807996339303791449422204713316337694754500599799013672989222097679681358933867417229074098617099285560679834426135123288292998137
0.806386286985398150537494540125189783592134304105540252084897445226671441711340663109145264499007409753109246616589409332435509572599833945591786804337563666
0.217962442213151189886363348535794122068258069041948508442493037417401975598588566868053907615334744964080346577157155891065520736634617163022109846182205585
0.539194013876638483792545667434872074282031895101225944457518614327705393580771226621705172201192802378335568843047542100348587554000210579934875035392803272
-0.126838495305105380171864638394186080966689924050777652605206182867125303979418873993463228577386385859619295111276219484173264957769779310734203530611661873
0.363527935987628382099117477409872728557467768180098201065781837751726370137640490865069087459043860705013567390982412519078030532774906292041003159037501832
0.100069079042756373319078609475438032777729201067224687143667553769112614044708074112781758322590938530368792446359679458792333318592478222178834851833849893
-0.2154868001672398586347494889288747400996706409111592453260339844358254040616392333593549312274678943104380470121382985060761626413132404822160351200440221
0.139876641119531682623135160069654605615746024798540294176872100024239864383988386696072820727868583803652694001515369880577316581203163866874179029890582315
-0.076552277263254425421229610644927917358354445287944666449615776535319481438901281215600392257644907094850626988141083920926653519120046042758535059496201269
0.372733220617841682582664766672380822787220548134223010985052189713167597351989566301075675725762457533596212826544805845338409353626201832636820473656554886
0.0416635436163201862407610728562805526391360468098934415580574516520698736714232539619631236130444376918037365250506656929253273824965246092900293239969636148
0.170737429312696358237273580378447070384343992201321863143671508472337096311135255434158568072461398008615121722029538272086916297100253801261253313000058274
-0.0963161125220910951962040875255091676881636301427775078203098742691978772103577123618507855779705066191946610480099031985919190495636897747163693737162709769
0.511181918975232868135504667618400721877463042997339192133528724431623309875809636664653418166702213385179589974384893388241266006235271069759183691893990667
0.681910860879841907557153375320764079878969208817417186354070338107318896103198205817719028331187071346287169701793804719219792557782746976090740387388310161
0.301880290071876265008653109247288722334584202747799157984240822462702577272604247660752685397638816075535465112831105183482893039067034493649506602995590828
0.772331237350637449399736803515061863520719497855094893299896910228337198267879503462561653484966127036881976662649730590365901515823833259165161997696551051
0.506022963880736197005593233773291562309246068495627859433749875270672488225933746454549140668634024331070253419111265026032214120300814003238748241207646767
-0.412714186016560033251663321474324979285945741076857716638478071801817807329360250933271389001480602336948205864816672141611363329903783137684682363979479726
-0.849431166166531785719473200382081248757573236839081380433479874267213352540255452462311118880945436452826659031569233377489437903108098194451834041500875831

190 2048 25828 12782
0.477606973903018120739310012807996339303791449422204713316337694754500599799013672989222097679681358933867417229074098617099285560679834426135123288292998137000000000000000000000000000000000000000000000000000000000000000000000000000000000000000000000000000000000000000000000000000000000000000000000000000000000000000000000000000000000000000000000000000000000000000000000000000000000000000000000000000000000000000000000000000000000000000000000000000000000000000000000000000000000000000000000000000000000000000000000000000000000000000000000000000000000000000000000000000000000000000000000000000000000000000000000000000004
0.806386286985398150537494540125189783592134304105540252084897445226671441711340663109145264499007409753109246616589409332435509572599833945591786804337563666000000000000000000000000000000000000000000000000000000000000000000000000000000000000000000000000000000000000000000000000000000000000000000000000000000000000000000000000000000000000000000000000000000000000000000000000000000000000000000000000000000000000000000000000000000000000000000000000000000000000000000000000000000000000000000000000000000000000000000000000000000000000000000000000000000000000000000000000000000000000000000000000000000000000000000000000000006
0.217962442213151189886363348535794122068258069041948508442493037417401975598588566868053907615334744964080346577157155891065520736634617163022109846182205585000000000000000000000000000000000000000000000000000000000000000000000000000000000000000000000000000000000000000000000000000000000000000000000000000000000000000000000000000000000000000000000000000000000000000000000000000000000000000000000000000000000000000000000000000000000000000000000000000000000000000000000000000000000000000000000000000000000000000000000000000000000000000000000000000000000000000000000000000000000000000000000000000000000000000000000000000004
0.539194013876638483792545667434872074282031895101225944457518614327705393580771226621705172201192802378335568843047542100348587554000210579934875035392803271999999999999999999999999999999999999999999999999999999999999999999999999999999999999999999999999999999999999999999999999999999999999999999999999999999999999999999999999999999999999999999999999999999999999999999999999999999999999999999999999999999999999999999999999999999999999999999999999999999999999999999999999999999999999999999999999999999999999999999999999999999999999999999999999999999999999999999999999999999999999999999999999999999999999999999999999999999
-0.126838495305105380171864638394186080966689924050777652605206182867125303979418873993463228577386385859619295111276219484173264957769779310734203530611661873
0.363527935987628382099117477409872728557467768180098201065781837751726370137640490865069087459043860705013567390982412519078030532774906292041003159037501832000000000000000000000000000000000000000000000000000000000000000000000000000000000000000000000000000000000000000000000000000000000000000000000000000000000000000000000000000000000000000000000000000000000000000000000000000000000000000000000000000000000000000000000000000000000000000000000000000000000000000000000000000000000000000000000000000000000000000000000000000000000000000000000000000000000000000000000000000000000000000000000000000000000000000000000000000002
0.100069079042756373319078609475438032777729201067224687143667553769112614044708074112781758322590938530368792446359679458792333318592478222178834851833849893000000000000000000000000000000000000000000000000000000000000000000000000000000000000000000000000000000000000000000000000000000000000000000000000000000000000000000000000000000000000000000000000000000000000000000000000000000000000000000000000000000000000000000000000000000000000000000000000000000000000000000000000000000000000000000000000000000000000000000000000000000000000000000000000000000000000000000000000000000000000000000000000000000000000000000000000000001
-0.2154868001672398586347494889288747400996706409111592453260339844358254040616392333593549312274678943104380470121382985060761626413132404822160351200440221
0.139876641119531682623135160069654605615746024798540294176872100024239864383988386696072820727868583803652694001515369880577316581203163866874179029890582315000000000000000000000000000000000000000000000000000000000000000000000000000000000000000000000000000000000000000000000000000000000000000000000000000000000000000000000000000000000000000000000000000000000000000000000000000000000000000000000000000000000000000000000000000000000000000000000000000000000000000000000000000000000000000000000000000000000000000000000000000000000000000000000000000000000000000000000000000000000000000000000000000000000000000000000000000004
-0.0765522772632544254212296106449279173583544452879446664496157765353194814389012812156003922576449070948506269881410839209266535191200460427585350594962012690000000000000000000000000000000000000000000000000000000000000000000000000000000000000000000000000000000000000000000000000000000000000000000000000000000000000000000000000000000000000000000000000000000000000000000000000000000000000000000000000000000000000000000000000000000000000000000000000000000000000000000000000000000000000000000000000000000000000000000000000000000000000000000000000000000000000000000000000000000000000000000000000000000000000000000000000000009
0.372733220617841682582664766672380822787220548134223010985052189713167597351989566301075675725762457533596212826544805845338409353626201832636820473656554885999999999999999999999999999999999999999999999999999999999999999999999999999999999999999999999999999999999999999999999999999999999999999999999999999999999999999999999999999999999999999999999999999999999999999999999999999999999999999999999999999999999999999999999999999999999999999999999999999999999999999999999999999999999999999999999999999999999999999999999999999999999999999999999999999999999999999999999999999999999999999999999999999999999999999999999999999996
0.0416635436163201862407610728562805526391360468098934415580574516520698736714232539619631236130444376918037365250506656929253273824965246092900293239969636148000000000000000000000000000000000000000000000000000000000000000000000000000000000000000000000000000000000000000000000000000000000000000000000000000000000000000000000000000000000000000000000000000000000000000000000000000000000000000000000000000000000000000000000000000000000000000000000000000000000000000000000000000000000000000000000000000000000000000000000000000000000000000000000000000000000000000000000000000000000000000000000000000000000000000000000000000005
0.170737429312696358237273580378447070384343992201321863143671508472337096311135255434158568072461398008615121722029538272086916297100253801261253313000058274000000000000000000000000000000000000000000000000000000000000000000000000000000000000000000000000000000000000000000000000000000000000000000000000000000000000000000000000000000000000000000000000000000000000000000000000000000000000000000000000000000000000000000000000000000000000000000000000000000000000000000000000000000000000000000000000000000000000000000000000000000000000000000000000000000000000000000000000000000000000000000000000000000000000000000000000000001
-0.0963161125220910951962040875255091676881636301427775078203098742691978772103577123618507855779705066191946610480099031985919190495636897747163693737162709768999999999999999999999999999999999999999999999999999999999999999999999999999999999999999999999999999999999999999999999999999999999999999999999999999999999999999999999999999999999999999999999999999999999999999999999999999999999999999999999999999999999999999999999999999999999999999999999999999999999999999999999999999999999999999999999999999999999999999999999999999999999999999999999999999999999999999999999999999999999999999999999999999999999999999999999999999989
0.511181918975232868135504667618400721877463042997339192133528724431623309875809636664653418166702213385179589974384893388241266006235271069759183691893990666999999999999999999999999999999999999999999999999999999999999999999999999999999999999999999999999999999999999999999999999999999999999999999999999999999999999999999999999999999999999999999999999999999999999999999999999999999999999999999999999999999999999999999999999999999999999999999999999999999999999999999999999999999999999999999999999999999999999999999999999999999999999999999999999999999999999999999999999999999999999999999999999999999999999999999999999999998
0.681910860879841907557153375320764079878969208817417186354070338107318896103198205817719028331187071346287169701793804719219792557782746976090740387388310161000000000000000000000000000000000000000000000000000000000000000000000000000000000000000000000000000000000000000000000000000000000000000000000000000000000000000000000000000000000000000000000000000000000000000000000000000000000000000000000000000000000000000000000000000000000000000000000000000000000000000000000000000000000000000000000000000000000000000000000000000000000000000000000000000000000000000000000000000000000000000000000000000000000000000000000000000014
0.301880290071876265008653109247288722334584202747799157984240822462702577272604247660752685397638816075535465112831105183482893039067034493649506602995590828000000000000000000000000000000000000000000000000000000000000000000000000000000000000000000000000000000000000000000000000000000000000000000000000000000000000000000000000000000000000000000000000000000000000000000000000000000000000000000000000000000000000000000000000000000000000000000000000000000000000000000000000000000000000000000000000000000000000000000000000000000000000000000000000000000000000000000000000000000000000000000000000000000000000000000000000000001
0.772331237350637449399736803515061863520719497855094893299896910228337198267879503462561653484966127036881976662649730590365901515823833259165161997696551050999999999999999999999999999999999999999999999999999999999999999999999999999999999999999999999999999999999999999999999999999999999999999999999999999999999999999999999999999999999999999999999999999999999999999999999999999999999999999999999999999999999999999999999999999999999999999999999999999999999999999999999999999999999999999999999999999999999999999999999999999999999999999999999999999999999999999999999999999999999999999999999999999999999999999999999999999997
0.506022963880736197005593233773291562309246068495627859433749875270672488225933746454549140668634024331070253419111265026032214120300814003238748241207646767000000000000000000000000000000000000000000000000000000000000000000000000000000000000000000000000000000000000000000000000000000000000000000000000000000000000000000000000000000000000000000000000000000000000000000000000000000000000000000000000000000000000000000000000000000000000000000000000000000000000000000000000000000000000000000000000000000000000000000000000000000000000000000000000000000000000000000000000000000000000000000000000000000000000000000000000000002
-0.412714186016560033251663321474324979285945741076857716638478071801817807329360250933271389001480602336948205864816672141611363329903783137684682363979479725999999999999999999999999999999999999999999999999999999999999999999999999999999999999999999999999999999999999999999999999999999999999999999999999999999999999999999999999999999999999999999999999999999999999999999999999999999999999999999999999999999999999999999999999999999999999999999999999999999999999999999999999999999999999999999999999999999999999999999999999999999999999999999999999999999999999999999999999999999999999999999999999999999999999999999999999999994
-0.849431166166531785719473200382081248757573236839081380433479874267213352540255452462311118880945436452826659031569233377489437903108098194451834041500875830999999999999999999999999999999999999999999999999999999999999999999999999999999999999999999999999999999999999999999999999999999999999999999999999999999999999999999999999999999999999999999999999999999999999999999999999999999999999999999999999999999999999999999999999999999999999999999999999999999999999999999999999999999999999999999999999999999999999999999999999999999999999999999999999999999999999999999999999999999999999999999999999999999999999999999999999999997

211 2048 123267 61562
0.477606973903018120739310012807996339303791449422204713316337694754500599799013672989222097679681358933867417229074098617099285557068930742729186389066531478776370869778322790736487996474769792623360898064522168475028677240482777375598328190268967228365541256354867604909653685473440210261521612493173444571092619918777055273881515547898460798837298710391130525244901493992028675713158375963661672307653013930417305873501024283940612298285179330047319003873537077660022540754158451509112565844310438885785659969569920692237949549574597943262570545768119686579116905051097057297265794680318027836515188436511832323385694
0.806386286985398150537494540125189783592134304105540252084897445226671441711340663109145264499007409753109246616589409332435509576355853427463034355815518678794311663144111277436639580771281784778753721926656291312955726858602777565728102242318279677790789011326706590210138434462403284520157233927995558231702818000711472378731791901484612290782774197730679898398078685978640341082428923411442254157531125080565866228377673831663060572646330931984146531314028519087757686523553761325912009429697094101142637571036670303594998861246494646995199865549014585943172070951306682465455910798205923480276806445639314575739007
0.217962442213151189886363348535794122068258069041948508442493037417401975598588566868053907615334744964080346577157155891065520741054816440614391982307698602042412931044677796323561820753774790694582935513489509843222567689793755416748244893551386674986378695549483225604275653349105720989686844062873246457557329939382378488240828197961833829656138373600657111885264027331180978917828112726349182753400160882041394761020522650919869185878652897607980091302933303311275700470253995686164993991011642401962666505942908172222777310055417973590588683559364482860516480938243498356622272184741189840709866779002075933534342
0.539194013876638483792545667434872074282031895101225944457518614327705393580771226621705172201192802378335568843047542100348587557468391974464102663574570280377384462301734050560768957597474343062412579074721267105129436732861091451538987247817480234860908608199939105510020071520394165959063351280867315374283725007596044447647617103991548654835967437539094827583197860878126389395216255392097229406399178352337156958631310473084842142413652864352967910955450981801713708661159169325752848743504239095573315637163858159194321097676837983710782825803970457023156271860682680477747203657071765205041756296893849506728493
-0.126838495305105380171864638394186080966689924050777652605206182867125303979418873993463228577386385859619295111276219484173264957584162114535690911164002095942132376760211813845844024223794244386996735804517471598870361589210983304427314931100252560454456786010280716608611884312658412329136933398239155179227104600824737725643068578001196108589429003840966197770829003797707003681749940094008673877807650727356407888259826897178649930386016426849361421258545552441004344639024365914275138949535863033418645423598975880487345949309922890994029950127569967786044215580491602497395382944008582597038754647521137620204912
0.363527935987628382099117477409872728557467768180098201065781837751726370137640490865069087459043860705013567390982412519078030530012313624002611798680894436858425885141741011096822417346805355854946708133282991651567398059117615142284437094715520943204342370532610996366924295677217489604907074378640757879183491305099590659746013917714250185414316548614771969850683936910567318008305129098602524090500139858818563213165278932569866538888059016151854534014267606114354553555566688274945583277017542760067578572849979314176708105328614659777301997755651849695887309648222868496747673488794014748226424759728318022232984
0.100069079042756373319078609475438032777729201067224687143667553769112614044708074112781758322590938530368792446359679458792333321020163660056754843382167346536541681211649695216557685022147815979266385240210185832925943054954887161033423361993127501862642052635394561902809101579154930296071683426580526274136393267429060165994126647734205370978818598950444343799915510303766773209439256837370691992273398406668047877057696717721565927916557185963350822268438302483701211915945196732677000364127270510595660360239478165471190418293549488980536384872494215921477335369139475060859129116920224828586206030269496456949017
-0.215486800167239858634749488928874740099670640911159245326033984435825404061639233359354931227467894310438047012138298506076162643184545145207478618604261324103541240988854047633562224001112140467240255910254198952080151496991492674264159015743930997473662892532717674396334989946026690665117000898852567915506699939456584128457065200400273245968114307055201444121379402097819064591596609746053730073028156323666147006001420362465686793570486098601882837478803861532850967482956440095439609066910540185892577860292737650966348652718817363629725620684715753860751746117896482906890652645055704017691869026474397326307861
0.139876641119531682623135160069654605615746024798540294176872100024239864383988386696072820727868583803652694001515369880577316580754588356735147217340832122006188646922603839316640977392216728721527171562458412267911096470261578631882997714933009000787873401846502324480430421293456526289125618782972002523908873804929663505234047713347031845986756252181469105734997823266458101728653110371435172136660174006789460406923375101102480975816187226358064624144239113341816312356582241175957438853919974295937088026078755221860558723882497140509119703221224389631503383665064323252403200083675040421535944000983995191843585
-0.0765522772632544254212296106449279173583544452879446664496157765353194814389012812156003922576449070948506269881410839209266535198752984858212506857269538954307639440693713042943018925444313900410722292390996078877074067349956886717266946275465558170275820518433484777793779548240345056484914613935398282844281610886193150171594568978690800787061662065620989884400812802312786653824399310271372315651976419960068596210685897101628384283955465571931087010883744591335790135906103630432104358923973089459791677533592583689570959306622360549065051189240713539883290739591740638557631252665301565650187615396448394482224025
0.372733220617841682582664766672380822787220548134223010985052189713167597351989566301075675725762457533596212826544805845338409363082200357323211155646023000995398506890968397750670116326347108522573990045069546983485089791530440444468278447438815792099856284476819147372680690405963405362571529463959571705555754416302689598703196893789204579504568706326546867170864005987635796401471058885989253800190604162375496689676959833912797093362236358819552960499911735914122985639380538703164794985276912384677430606956885308016767631628012428262496351684887544870612307712765708556217500541062875312565820276609903297877801
0.0416635436163201862407610728562805526391360468098934415580574516520698736714232539619631236130444376918037365250506656929253273888821305741925824411468865335036793219369974769414119634780973128271576353917193693869360818268197657035277496783929911356285438680570348881804970370104552049492416563226074925661520621282149958730992601351580061065361021193359524355386662811894175410740934503237180757574706026719151833206399935903362537525374261592168619354695048807636562434111345584618353917019504982580871121348990215146098704149165914940966161748697512629622726384541650567520179427278285533521655466090768964906458382
0.170737429312696358237273580378447070384343992201321863143671508472337096311135255434158568072461398008615121722029538272086916294710056709429216678507904612564157390547543661518550894249836322279169574384573473810258152447221794792652837117783069177334000249757128912573704871334727926938354229388790818020413257773289756062224897776317585645833697789919227646926699762056528758883264917856700534036845174573896498401823409810101276560334490628622065712803597966528246535546718518806976417435541990817287332336137119979781825144812045059369273859181066520410501112204523731308444420345028213101389399197837410423711588
-0.0963161125220910951962040875255091676881636301427775078203098742691978772103577123618507855779705066191946610480099031985919190492729076705147693674299802774354262875097419203436912997430145468202347914565075194190324982031100007365527929370275558959824733243980391018684502590882524252860398588826116411355756629891032853711193003925993704832766250662966779286922702008884993880054724791467261442403668305778466775122439351189676371231758177296470576228595992844723770711522706040608535838731252175066059849370200128525370786489064349864816880457085774351029245538678493527589092429161484691876660800341143630538517465
0.511181918975232868135504667618400721877463042997339192133528724431623309875809636664653418166702213385179589974384893388241266002598520029569759092129166130372191068134232384133058325688733803191333591635145129238353174137537999795903927693412679790920072922107056153741567660337105888035872443707253758843454588671295843837091945587334574151402256450714950979056040151654917291646643052080318280645860449169659499100103571884617309716941664582988577014086584701266351306555036988088876979750355816046554109859026986050128615457549786004753301659972872106859538495496394856142229379302228827421545313950590152841616266
0.681910860879841907557153375320764079878969208817417186354070338107318896103198205817719028331187071346287169701793804719219792567406188490921453321218904733029262228716338844621741201733537661334325546105365322961957397730033604748213180045318082476195010960663261903463825742719211835487470227611986169808006435702690677139243308084644707547245763181579923440371311533005977717579994985246644971048061236723270419452533274121145099295665676621533348336317424914695229747050363875297641258130746950599648160973263815398608531156321010911880033304753853138032416175227102132428691285927988499210956270288128662691823613
0.301880290071876265008653109247288722334584202747799157984240822462702577272604247660752685397638816075535465112831105183482893030258004539809907667955895707843011886941929686979693643168867681929990720209975152369625327096398529357584896667990397813304051744710370131401868428705253809106659821896396522784773454632217941627593358079174887296234594983719759735514997555722081892611188745106613014318569129609974300469920854640461906016734777474599488761809350479000249556715461746932025123939794691183977820978973773656535824926252710466843162199036008691310292910522385375980851053324878882354551760698364847621235446
0.772331237350637449399736803515061863520719497855094893299896910228337198267879503462561653484966127036881976662649730590365901515671602502853218344886555543947867468752415181039964973138728471918899896922190560002764666840382566590786484084828415088952437001295903196447522647025815829070548416279423690624355496741999598475869785359752365583435867085096439838915676816422543827654680747085438146958852563993952325628592550717353495413802481882688968661478972051748378593316564537606551263990857105128577940562872485559277928957910540859565470446954506117874171572770433420876204605873257982989522213801885203965441392
0.50602296388073619700559323377329156230924606849562785943374987527067248822593374645454914066863402433107025341911126502603221411862949379155922247658455611638174047354737517863064057928114510949993180540604589123722719002654538151645070115146257669935948328318071905980816654836872382079100481758762668644803618791266703883646761372044931572788502360020222086592886623136712098414605256632422345449841397958656801811941102159292477052877199994308422949319953629726372641764495393673175649806995718468448013299546053282156882781224584146777175301382322414071488330256729685220323351742015710385485500066017983528118293
-0.412714186016560033251663321474324979285945741076857716638478071801817807329360250933271389001480602336948205864816672141611363337022407857302157993013735711048708783966160834656114421866353693543965396809629076571362869920575469265558905541421972653758174398968031291704886335022984338557634109243548056358108389580460099233783604312609164735417984288782823795578465792771413089647848939303441285321993413724500367801215242407182126893513243532016567582899198630389290964547500398893168358715051051558174048233662091261225493345070583809119658291440428605770568674011573524322534813203445870746492072640837712564809181
-0.849431166166531785719473200382081248757573236839081380433479874267213352540255452462311118880945436452826659031569233377489437894942881467841643817632176390153173273991898056615925975455925231139182571833947850000211711772784612947476356408177499424052808590882222999416497031796020955898049174131885013307063185409115156845390460931412111419383264561815520085152386343746311332344068104459478301501903496189264695869242458664703144361461692389889467669906085112318293350179843697674805785416304880038510007276908516174765619507659519896940760673127163482161195287075644257166445649342836597663393172807720836994874199

