0 128 -425 -491
0.6760193985453316054999527125999499264879
0.6666884550407444851800452916585624208765
0.2499109973303091061094011808021371157659
0.5065203125320139534361517265806082558624
0.895338160151398748983381741296030317155
0.2953494681742843223688700985762013344369
0.6625781352568043085530926571639749621743
0.9499536720065076591204632528021930543431
0.3235562495555683066391245723119419626433
0.2857775572723500639760306491258878287512
0.7636719725555616997683134638238724107733
0.9311468881862424283030443570340249485265
0.1672815628183619799621128220427788457748
0.6095150926514272995667111784771681750002
0.855452223683623121785804996464407515877
0.5807014815624858099552495735348753252768
0.05242964708622951470146732434911818425794
0.8062211088043737333151394440772930685166
0.731784388167242926030778016688168970506
0.7972387724460710433008365558144272402527
0.7424758103692172673401576575234180803447

300 128 6426 3210
0.3217762826012194736010042478003916750183
-0.3228062523641194660562012735153768908824
1.205857951694667111812993350018321553294
1.080032315129669762626002382521479540211
-0.9576839805822803195454607442659276756281
0.1949786225959739231215971346669168462979
0.5271257759303353910178167940408816238087
0.1408810745455948658260338789877478263837
0.2420820484277459265365805303886177868065
-0.4331938264670231107277458293220043229061
0.4383087676898612618976746642199795164582
0.7697248844173100081770767890340633111377
0.5437685596769422387919475539671481040109
-0.9117005079672995937913731791660635891502
-0.9230063297098614536228857266021204219323
0.2965469579212439797122928939632912004584
0.09536398734871582097097943511247079660583
0.2905598396161280340837687078981929578493
-0.008094514381958619837703598873452341615177
0.4328317652613248829513644420333239351576
-0.1072080357654540978807018801338284773951

300 256 6392 3131
0.3217762826012194736010042478003916750183000000000000000000000000000000000023313
-0.3228062523641194660562012735153768908823999999999999999999999999999999999994489
1.205857951694667111812993350018321553294000000000000000000000000000000000082409
1.080032315129669762626002382521479540210999999999999999999999999999999999991178
-0.9576839805822803195454607442659276756281000000000000000000000000000000000065001
0.1949786225959739231215971346669168462979000000000000000000000000000000000021752
0.5271257759303353910178167940408816238087000000000000000000000000000000000189071
0.1408810745455948658260338789877478263836999999999999999999999999999999999952766
0.2420820484277459265365805303886177868065000000000000000000000000000000000368477
-0.4331938264670231107277458293220043229060999999999999999999999999999999999498385
0.4383087676898612618976746642199795164582000000000000000000000000000000000305565
0.7697248844173100081770767890340633111377000000000000000000000000000000000453413
0.5437685596769422387919475539671481040108999999999999999999999999999999999947654
-0.9117005079672995937913731791660635891502000000000000000000000000000000000006643
-0.9230063297098614536228857266021204219322999999999999999999999999999999999579343
0.2965469579212439797122928939632912004584000000000000000000000000000000000655947
0.09536398734871582097097943511247079660582999999999999999999999999999999999292464
0.2905598396161280340837687078981929578493000000000000000000000000000000000023672
-0.008094514381958619837703598873452341615176999999999999999999999999999999999747691
0.4328317652613248829513644420333239351576000000000000000000000000000000002780822
-0.1072080357654540978807018801338284773950999999999999999999999999999999999814299

322 256 12883 6399
0.3217762826012194736010042478004103119832296979895981210743484305950697061110272
-0.3228062523641194660562012735153521397105847385236180958871719758509729853389229
1.205857951694667111812993350018264834913188688855491132590510217805266280192803
1.08003231512966976262600238252140460714322562538859774123280596079784287916338
-0.9576839805822803195454607442658543844570938622600833511674003452951423846963222
0.1949786225959739231215971346669306641545804854978143525552639450345686175578951
0.5271257759303353910178167940410305331862146436952473949025999716294502123989061
0.1408810745455948658260338789875953265517324843347237799436163988159041383396127
0.2420820484277459265365805303886541171906476036989589710378511473100369298101636
-0.4331938264670231107277458293220418956821882476758080510691644734155840956097552
0.4383087676898612618976746642199362299326419577085671756927213533651616626539895
0.7697248844173100081770767890340851711291843514436642214239233595809666505340665
0.5437685596769422387919475539671578747137925050053880115711175142626527323868744
-0.9117005079672995937913731791659548065813478879200532374208825424220529559608484
-0.9230063297098614536228857266022224756233729119843310186873775886449842968025597
0.2965469579212439797122928939633119941577751424709986628248464787745625404361609
0.09536398734871582097097943511248541963539638009956412612884497636948302232569158
0.2905598396161280340837687078982265759053845600877877537578594301413818422202635
-0.008094514381958619837703598873490493355639610285598512893245320587483301937293317
0.4328317652613248829513644420332870421500345223407179634483649650632420834848857
-0.1072080357654540978807018801338205384929509947134699932666705297647006593574846

322 512 12875 6404
0.321776282601219473601004247800410311983229697989598121074348430595069706111027199999999999999999999999999999999999999999999999999999999999999999978535868216
-0.322806252364119466056201273515352139710584738523618095887171975850972985338922899999999999999999999999999999999999999999999999999999999999999999993983691215
1.20585795169466711181299335001826483491318868885549113259051021780526628019280300000000000000000000000000000000000000000000000000000000000000000011688818033
1.08003231512966976262600238252140460714322562538859774123280596079784287916338000000000000000000000000000000000000000000000000000000000000000000064182679713
-0.957683980582280319545460744265854384457093862260083351167400345295142384696322199999999999999999999999999999999999999999999999999999999999999999997784139325
0.194978622595973923121597134666930664154580485497814352555263945034568617557895099999999999999999999999999999999999999999999999999999999999999999928822761273
0.527125775930335391017816794041030533186214643695247394902599971629450212398906099999999999999999999999999999999999999999999999999999999999999999999762947933
0.140881074545594865826033878987595326551732484334723779943616398815904138339612700000000000000000000000000000000000000000000000000000000000000000088366426131
0.242082048427745926536580530388654117190647603698958971037851147310036929810163599999999999999999999999999999999999999999999999999999999999999999948540052664
-0.433193826467023110727745829322041895682188247675808051069164473415584095609755200000000000000000000000000000000000000000000000000000000000000000013803643074
0.438308767689861261897674664219936229932641957708567175692721353365161662653989499999999999999999999999999999999999999999999999999999999999999999996038590768
0.769724884417310008177076789034085171129184351443664221423923359580966650534066500000000000000000000000000000000000000000000000000000000000000000000000453732
0.543768559676942238791947553967157874713792505005388011571117514262652732386874399999999999999999999999999999999999999999999999999999999999999999999969075256
-0.9117005079672995937913731791659548065813478879200532374208825424220529559608484000000000000000000000000000000000000000000000000000000000000000000371566142
-0.923006329709861453622885726602222475623372911984331018687377588644984296802559700000000000000000000000000000000000000000000000000000000000000000046449725948
0.296546957921243979712292893963311994157775142470998662824846478774562540436160899999999999999999999999999999999999999999999999999999999999999999973262657733
0.0953639873487158209709794351124854196353963800995641261288449763694830223256915799999999999999999999999999999999999999999999999999999999999999999907794250242
0.290559839616128034083768707898226575905384560087787753757859430141381842220263500000000000000000000000000000000000000000000000000000000000000000030832567599
-0.0080945143819586198377035988734904933556396102855985128932453205874833019372933170000000000000000000000000000000000000000000000000000000000000000004901010769
0.43283176526132488295136444203328704215003452234071796344836496506324208348488569999999999999999999999999999999999999999999999999999999999999999991389919136
-0.107208035765454097880701880133820538492950994713469993266670529764700659357484600000000000000000000000000000000000000000000000000000000000000000025604493872

390 512 25880 12927
0.321776282601219473601004247800410311983229697989598121074348430363561167803635367625331260737473119353687280183105789249343799166406009378199914014446690567
-0.32280625236411946605620127351535213971058473852361809588717197669786159419602852242606362746840054720430319788973117770763372654723818362854980853359888409
1.20585795169466711181299335001826483491318868885549113259051021873084756527638959952474532437977593976613366735057256832782901846625142807561567445968567564
1.08003231512966976262600238252140460714322562538859774123280596060331587210761265018807643590222021801003769350238066424388811528804742426223829376702480192
-0.957683980582280319545460744265854384457093862260083351167400345150118376042223978391041037398017333049060626385108904468967586755267528768290971628999199252
0.194978622595973923121597134666930664154580485497814352555263944803127166798842293008233809316216037308771975615240990507309813876586907881800363130804527735
0.527125775930335391017816794041030533186214643695247394902599971126900931793440033470830704551220994455327857506911623832649231249868866340117723643431964585
0.140881074545594865826033878987595326551732484334723779943616399559903799317117057288027892906299022650870288185527517767581667987576463700793287258060614541
0.242082048427745926536580530388654117190647603698958971037851147133516756473259866498011829673624154679696304083570757151836820833636053614450396907382864316
-0.433193826467023110727745829322041895682188247675808051069164473263532985201389783745923818387014206579321352719643725474121833136007761366770215131244085492
0.438308767689861261897674664219936229932641957708567175692721354005827829489748527815463601398968520419167130068331803536390082764018914644597338368289798706
0.769724884417310008177076789034085171129184351443664221423923358867542771347395845921414946613027659817529744204748829488946011397328873262157071944037098933
0.543768559676942238791947553967157874713792505005388011571117514559442536439033118550946372425053043965937546433113548046524264254404774021588644039370098381
-0.911700507967299593791373179165954806581347887920053237420882542498801617301214509381109355036530289340555944856737916160952175195794102228505957463815501312
-0.923006329709861453622885726602222475623372911984331018687377588800430891146637566664177950877121610120882655544911897354762932161759358056056965815837751029
0.296546957921243979712292893963311994157775142470998662824846478833027367157371962303479987711862431595928639613943086302581532376970221089451688138006004144
0.0953639873487158209709794351124854196353963800995641261288449761778233650099435836668455028883093207983361777724287557124073266980986500109410331815278186419
0.290559839616128034083768707898226575905384560087787753757859429946227167150309905385151616418703528185963169256800449473504447889871053698544319430562190335
-0.00809451438195861983770359887349049335563961028559851289324532037171040458564606993104083188121185256743652434094382997637501139956804211037498867070766866869
0.432831765261324882951364442033287042150034522340717963448364965173344231437435134588466114442926109453919898041274358202385687812392164995385478171020472045
-0.107208035765454097880701880133820538492950994713469993266670529758711726169414516012902389580589537466711360343502819714503983377744279887434040549301978462

390 2048 25911 12922
0.321776282601219473601004247800410311983229697989598121074348430363561167803635367625331260737473119353687280183105789249343799166406009378199914014446690567000000000000000000000000000000000000000000000000000000000000000000000000000000000000000000000000000000000000000000000000000000000000000000000000000000000000000000000000000000000000000000000000000000000000000000000000000000000000000000000000000000000000000000000000000000000000000000000000000000000000000000000000000000000000000000000000000000000000000000000000000000000000000000000000000000000000000000000000000000000000000000000000000000000000000000000000000002
-0.322806252364119466056201273515352139710584738523618095887171976697861594196028522426063627468400547204303197889731177707633726547238183628549808533598884090000000000000000000000000000000000000000000000000000000000000000000000000000000000000000000000000000000000000000000000000000000000000000000000000000000000000000000000000000000000000000000000000000000000000000000000000000000000000000000000000000000000000000000000000000000000000000000000000000000000000000000000000000000000000000000000000000000000000000000000000000000000000000000000000000000000000000000000000000000000000000000000000000000000000000000000000000002
1.20585795169466711181299335001826483491318868885549113259051021873084756527638959952474532437977593976613366735057256832782901846625142807561567445968567564
1.08003231512966976262600238252140460714322562538859774123280596060331587210761265018807643590222021801003769350238066424388811528804742426223829376702480192000000000000000000000000000000000000000000000000000000000000000000000000000000000000000000000000000000000000000000000000000000000000000000000000000000000000000000000000000000000000000000000000000000000000000000000000000000000000000000000000000000000000000000000000000000000000000000000000000000000000000000000000000000000000000000000000000000000000000000000000000000000000000000000000000000000000000000000000000000000000000000000000000000000000000000000000000002
-0.957683980582280319545460744265854384457093862260083351167400345150118376042223978391041037398017333049060626385108904468967586755267528768290971628999199251999999999999999999999999999999999999999999999999999999999999999999999999999999999999999999999999999999999999999999999999999999999999999999999999999999999999999999999999999999999999999999999999999999999999999999999999999999999999999999999999999999999999999999999999999999999999999999999999999999999999999999999999999999999999999999999999999999999999999999999999999999999999999999999999999999999999999999999999999999999999999999999999999999999999999999999999999989
0.194978622595973923121597134666930664154580485497814352555263944803127166798842293008233809316216037308771975615240990507309813876586907881800363130804527734999999999999999999999999999999999999999999999999999999999999999999999999999999999999999999999999999999999999999999999999999999999999999999999999999999999999999999999999999999999999999999999999999999999999999999999999999999999999999999999999999999999999999999999999999999999999999999999999999999999999999999999999999999999999999999999999999999999999999999999999999999999999999999999999999999999999999999999999999999999999999999999999999999999999999999999999999998
0.527125775930335391017816794041030533186214643695247394902599971126900931793440033470830704551220994455327857506911623832649231249868866340117723643431964585000000000000000000000000000000000000000000000000000000000000000000000000000000000000000000000000000000000000000000000000000000000000000000000000000000000000000000000000000000000000000000000000000000000000000000000000000000000000000000000000000000000000000000000000000000000000000000000000000000000000000000000000000000000000000000000000000000000000000000000000000000000000000000000000000000000000000000000000000000000000000000000000000000000000000000000000000003
0.140881074545594865826033878987595326551732484334723779943616399559903799317117057288027892906299022650870288185527517767581667987576463700793287258060614540999999999999999999999999999999999999999999999999999999999999999999999999999999999999999999999999999999999999999999999999999999999999999999999999999999999999999999999999999999999999999999999999999999999999999999999999999999999999999999999999999999999999999999999999999999999999999999999999999999999999999999999999999999999999999999999999999999999999999999999999999999999999999999999999999999999999999999999999999999999999999999999999999999999999999999999999999998
0.242082048427745926536580530388654117190647603698958971037851147133516756473259866498011829673624154679696304083570757151836820833636053614450396907382864315999999999999999999999999999999999999999999999999999999999999999999999999999999999999999999999999999999999999999999999999999999999999999999999999999999999999999999999999999999999999999999999999999999999999999999999999999999999999999999999999999999999999999999999999999999999999999999999999999999999999999999999999999999999999999999999999999999999999999999999999999999999999999999999999999999999999999999999999999999999999999999999999999999999999999999999999999997
-0.433193826467023110727745829322041895682188247675808051069164473263532985201389783745923818387014206579321352719643725474121833136007761366770215131244085492000000000000000000000000000000000000000000000000000000000000000000000000000000000000000000000000000000000000000000000000000000000000000000000000000000000000000000000000000000000000000000000000000000000000000000000000000000000000000000000000000000000000000000000000000000000000000000000000000000000000000000000000000000000000000000000000000000000000000000000000000000000000000000000000000000000000000000000000000000000000000000000000000000000000000000000000000005
0.438308767689861261897674664219936229932641957708567175692721354005827829489748527815463601398968520419167130068331803536390082764018914644597338368289798706000000000000000000000000000000000000000000000000000000000000000000000000000000000000000000000000000000000000000000000000000000000000000000000000000000000000000000000000000000000000000000000000000000000000000000000000000000000000000000000000000000000000000000000000000000000000000000000000000000000000000000000000000000000000000000000000000000000000000000000000000000000000000000000000000000000000000000000000000000000000000000000000000000000000000000000000000008
0.769724884417310008177076789034085171129184351443664221423923358867542771347395845921414946613027659817529744204748829488946011397328873262157071944037098932999999999999999999999999999999999999999999999999999999999999999999999999999999999999999999999999999999999999999999999999999999999999999999999999999999999999999999999999999999999999999999999999999999999999999999999999999999999999999999999999999999999999999999999999999999999999999999999999999999999999999999999999999999999999999999999999999999999999999999999999999999999999999999999999999999999999999999999999999999999999999999999999999999999999999999999999999994
0.543768559676942238791947553967157874713792505005388011571117514559442536439033118550946372425053043965937546433113548046524264254404774021588644039370098380999999999999999999999999999999999999999999999999999999999999999999999999999999999999999999999999999999999999999999999999999999999999999999999999999999999999999999999999999999999999999999999999999999999999999999999999999999999999999999999999999999999999999999999999999999999999999999999999999999999999999999999999999999999999999999999999999999999999999999999999999999999999999999999999999999999999999999999999999999999999999999999999999999999999999999999999999991
-0.911700507967299593791373179165954806581347887920053237420882542498801617301214509381109355036530289340555944856737916160952175195794102228505957463815501312000000000000000000000000000000000000000000000000000000000000000000000000000000000000000000000000000000000000000000000000000000000000000000000000000000000000000000000000000000000000000000000000000000000000000000000000000000000000000000000000000000000000000000000000000000000000000000000000000000000000000000000000000000000000000000000000000000000000000000000000000000000000000000000000000000000000000000000000000000000000000000000000000000000000000000000000000009
-0.923006329709861453622885726602222475623372911984331018687377588800430891146637566664177950877121610120882655544911897354762932161759358056056965815837751028999999999999999999999999999999999999999999999999999999999999999999999999999999999999999999999999999999999999999999999999999999999999999999999999999999999999999999999999999999999999999999999999999999999999999999999999999999999999999999999999999999999999999999999999999999999999999999999999999999999999999999999999999999999999999999999999999999999999999999999999999999999999999999999999999999999999999999999999999999999999999999999999999999999999999999999999999991
0.296546957921243979712292893963311994157775142470998662824846478833027367157371962303479987711862431595928639613943086302581532376970221089451688138006004143999999999999999999999999999999999999999999999999999999999999999999999999999999999999999999999999999999999999999999999999999999999999999999999999999999999999999999999999999999999999999999999999999999999999999999999999999999999999999999999999999999999999999999999999999999999999999999999999999999999999999999999999999999999999999999999999999999999999999999999999999999999999999999999999999999999999999999999999999999999999999999999999999999999999999999999999999996
0.0953639873487158209709794351124854196353963800995641261288449761778233650099435836668455028883093207983361777724287557124073266980986500109410331815278186419000000000000000000000000000000000000000000000000000000000000000000000000000000000000000000000000000000000000000000000000000000000000000000000000000000000000000000000000000000000000000000000000000000000000000000000000000000000000000000000000000000000000000000000000000000000000000000000000000000000000000000000000000000000000000000000000000000000000000000000000000000000000000000000000000000000000000000000000000000000000000000000000000000000000000000000000000008
0.290559839616128034083768707898226575905384560087787753757859429946227167150309905385151616418703528185963169256800449473504447889871053698544319430562190335000000000000000000000000000000000000000000000000000000000000000000000000000000000000000000000000000000000000000000000000000000000000000000000000000000000000000000000000000000000000000000000000000000000000000000000000000000000000000000000000000000000000000000000000000000000000000000000000000000000000000000000000000000000000000000000000000000000000000000000000000000000000000000000000000000000000000000000000000000000000000000000000000000000000000000000000000007
-0.0080945143819586198377035988734904933556396102855985128932453203717104045856460699310408318812118525674365243409438299763750113995680421103749886707076686686899999999999999999999999999999999999999999999999999999999999999999999999999999999999999999999999999999999999999999999999999999999999999999999999999999999999999999999999999999999999999999999999999999999999999999999999999999999999999999999999999999999999999999999999999999999999999999999999999999999999999999999999999999999999999999999999999999999999999999999999999999999999999999999999999999999999999999999999999999999999999999999999999999999999999999999999999998
0.432831765261324882951364442033287042150034522340717963448364965173344231437435134588466114442926109453919898041274358202385687812392164995385478171020472045000000000000000000000000000000000000000000000000000000000000000000000000000000000000000000000000000000000000000000000000000000000000000000000000000000000000000000000000000000000000000000000000000000000000000000000000000000000000000000000000000000000000000000000000000000000000000000000000000000000000000000000000000000000000000000000000000000000000000000000000000000000000000000000000000000000000000000000000000000000000000000000000000000000000000000000000000003
-0.107208035765454097880701880133820538492950994713469993266670529758711726169414516012902389580589537466711360343502819714503983377744279887434040549301978462000000000000000000000000000000000000000000000000000000000000000000000000000000000000000000000000000000000000000000000000000000000000000000000000000000000000000000000000000000000000000000000000000000000000000000000000000000000000000000000000000000000000000000000000000000000000000000000000000000000000000000000000000000000000000000000000000000000000000000000000000000000000000000000000000000000000000000000000000000000000000000000000000000000000000000000000000002

412 2048 123321 61645
0.321776282601219473601004247800410311983229697989598121074348430363561167803635367625331260737473119353687280183105789249343799168397398563044431323022292302444692079596994713847257931138164277876773491587432876420301021545627489452960365209982653221875080102278214227354591279423533556205065979758345863595820261005871614598786413499967016752397645434318615608046537560636447770479005557102992993017985760880490832878958497561356430979400252730393803867032104412783021363952907664207466698504378498898765282295049860200321960858627571487470196914975436754801172128999159307781320037930967271329347017363701561483588333
-0.32280625236411946605620127351535213971058473852361809588717197669786159419602852242606362746840054720430319788973117770763372653995993842399998556310898911091599604692573249332671497512328682007698076782592770518145096101937882891884414014732573352918551977399066861727993832744313255982273882977450821086458042047618346141989486432360792265474874026176016197495123871466322410978852312062197734238978231283742666281975288283393327714319732667858180870791684702363596434294053011115532022585848357542688414526698407765238630225712398287159761034891854905116575016046934531395014377907241121119117906057878271300610443
1.20585795169466711181299335001826483491318868885549113259051021873084756527638959952474532437977593976613366735057256832782901845903481385479949411680591730405362501106782226735119270443386671648839062413398262188468738609093567434494865908012857018496583043293668758390148196623640946940164792676331280926863623161329816634250288851866657608888049557206893334878978567471350767576558206326932059663272877985377828609257045805998500892088721483709475502730736629782103836448666300202197732497344451020766674074484303222895259276681775917383491432774190201966448013251112814341385774229591337192509044513793396672304064
1.08003231512966976262600238252140460714322562538859774123280596060331587210761265018807643590222021801003769350238066424388811528791888296549391957194513230100728296453602656063857415858289133850215063515010622024046898328878224458581455748231677380566157994096292647269530079799740000299456948610899027082306088848214890747875421456464207082493667961410730082787260979356110204915133406081908271149250494314340571169541292405940746275781917937553374115104803256588846011526686817767831999783141321801450665068354872913548054631324292447034954047090724314944689944239895296323031261903005784790885052804099099965825116
-0.957683980582280319545460744265854384457093862260083351167400345150118376042223978391041037398017333049060626385108904468967586755947896907450643300198430036208224962651564312234336982328051042149689167866252971001251875814362683558522280250113823133542483637525487626637297251992193948604703759044009337457009125269963140631585114656360911808883182548606812427887586332341403748913665969200172488644654592243980131181854806625728694196933864677494592898312243071942459921625396885881158093414436595200744541673192309939253176231621571791506435105055173129627251734271596598490489598486781793006095754906834073114899368
0.194978622595973923121597134666930664154580485497814352555263944803127166798842293008233809316216037308771975615240990507309813877267400048774562957642256886188099127152531076705170277599247427678917557091959862244923752975307527423427324889546961727312625983487977585782806565830013049893796220603849360520177193481894026581043202960222336748068423956084770965402106109405649996397110195858232030718184633150783495657451048597668124567744743519607373337865643375488342528917255768353451265161049617680937821227112752535508774583625279221344323410077958237613674729414118328420993651029383770939692153601358531524646686
0.527125775930335391017816794041030533186214643695247394902599971126900931793440033470830704551220994455327857506911623832649231250168678046610639039025789846428144065414474295306280958830802380646140664963266001543188544081798583541265722378157317461362672764706460917182329575698019844425410090296711707982057815365331772516158928698787676292788333067081731418553637573099380995405717804260535029943886934962793183047073662721626019317707432206339369182283576642591597862350089862444060390547370946559018945853685204444549827005843847533459482852391597943427943755134146073201233452474407275714171815002041056834503433
0.140881074545594865826033878987595326551732484334723779943616399559903799317117057288027892906299022650870288185527517767581667989402985807701770461326162551834124321174006417137289019681128218089867076456450765799664420552047226924010966240112752120795060029804594585918246641621803398178294890046078245855407708332362395459523070381169481629287458594506881528000386636644516482035567461242129606344048842327961387435978758621764902824537375823589798081959493051847570322556404585438722709455078115662239619019029467829821667511273254213844562965566649683591414075034859022207987336199195421205696898324455948200187878
0.24208204842774592653658053038865411719064760369895897103785114713351675647325986649801182967362415467969630408357075715183682083280224809085593671013065693970566460290221785477490098892421955729771855215243146124964386568346046468199762973181478703489572085066506651810853710672110163325058607281715279323756069340203428182164970441811560344821563412864486905688891440552296640850625331290459191448197697344790155821979978778627221840389288062961629265476546031994859379975822941445903136650506553805323548379955482651937302936314098773441566900139967805122558332458739446725611750431007488680945999504633176908296436
-0.433193826467023110727745829322041895682188247675808051069164473263532985201389783745923818387014206579321352719643725474121833137397404249501106326316872601215108346166229899963275643300207608106784110095503596329181770182191703799855508184474817431010145824828793496784576553015460632120900762779177531408646907938502817856912839774254616127212796825484276072615508828860598918992784679597504403162578820463486382486490406284833135672218355218562211645729738090851030045620524633983255073819842201433690589061185266652370425370395793707414171066199103357927878947867954502662318028934813067303492181362786836133175838
0.438308767689861261897674664219936229932641957708567175692721354005827829489748527815463601398968520419167130068331803536390082763185202627019883745475784329379195866438010679379781105950846908768141285577865853832177854196888309884852225464418653680349209445430314031133688141993473458711863976269287181168189269507196213856512102832459455955469766311952300583306028128199707879048497215076521722976005069372796134920561979908914742832917252642206218393573007362167801391888291598906390672310829155976917495866536160742596020431795269267188137078126651337152587635677933630902797132958548856152476010833490651103125892
0.76972488441731000817707678903408517112918435144366422142392335886754277134739584592141494661302765981752974420474882948894601139989571739168595475976859990771537010536952193818140097639644505556388637686678424560020676394542766723206736134815550031709276731087593731911770506400469755551150379592783385921465855720817236333251686454566673151931979325769571426680809401679543622165750600659237898864338883822421207033825473816576791851414251674344325842609968711407132916569228333080947671001660708825002152764256994328313356322280790670771282369877813452470297974493085650812443029431424312231230515921642802521896182
0.543768559676942238791947553967157874713792505005388011571117514559442536439033118550946372425053043965937546433113548046524264251040989609708476424477698741057315677154045788812555177780302455922965619403382445630414026738077350041467143173982617164763980987118302763734332823425667648804876009118413442446738203816587326387354359461473051244616494782387077792907369830702047843581229789947894205420509871949856696517090902352337373635316820882261051254522185600017725067296653071479949599599166535736227529874279147735018427388932706479902048716031308245481886212042941079318929676567726858204517922341589155895506999
-0.911700507967299593791373179165954806581347887920053237420882542498801617301214509381109355036530289340555944856737916160952175192509142931150677661264947681615578188213527965011787921733520850734444791156491023894850623981769270852779136093556241300344394139187397010873641655138997038182253261170896855487363164204566503516860401952681934151924250229146262182600905098049804075787039238156134708660575975951013681304731230312558520003601745778333292142618826643731984006788182146564802057799156989377671742776696964753409466799363654619781897572694649508431063841462747187453922761738727540819412589264423042653197279
-0.923006329709861453622885726602222475623372911984331018687377588800430891146637566664177950877121610120882655544911897354762932164522561538823704348848559205557229237081567164619387244700442991059879734522188418578654552364381948774807588040763635453141498817596776932231978802674148723342247743042778110882665240185602692630517683400230662777038295283814306234480728007199737380518888531919936030116380913061763758348604372394820097570260468042269838791844727180966455199252652445904141010161508425771647652368608075326196118076277266504442499312686746784170808533337147991563220487374659563898270875080239887430839248
0.296546957921243979712292893963311994157775142470998662824846478833027367157371962303479987711862431595928639613943086302581532376687342464179418281748896728761776341436702092121379830134881155100225765129002442263502238177866590306721700231904584948640256320409457934706767172578265613001936222318185625082275091557336562161445038805553419314738038581262300175779334909519052832550810975456996297633522941935079012569131119811069901008152733794253374090247065809679541491762330938013847954228145011133638842193831601333388749357724223910037115549100874402018183023827222894377910027692062854169648026979774102849180684
0.095363987348715820970979435112485419635396380099564126128844976177823365009943583666845502888309320798336177772428755712407326699635989654647346349951159732119807922394314870587610487550117159001211644920841894902312547725764220338720657423926570196032720081462158165097086781031657897275724119906503507791702913248248124519101959187678974525510349904523544265953750557511528856613213799304144527929288757541430831730259793521218991324139895483842077264653631118531887203578898822319594828615225943771799882565672053043080076361075900805095548748187677528335796203132292254572975680610653008039877266492621200811520915
0.290559839616128034083768707898226575905384560087787753757859429946227167150309905385151616418703528185963169256800449473504447889951897241780269090546684537783024091477364507176265734911760687856806983668880404419808398661001230935684828538746295232618604856240570933561449923770457330144724628864928988106100608367707671953843091722747668687999731291808756837308327316163424718156237608991670349318466633533472339096377410275791290985221442793046490522216568375061523099717787385728142685066524166954735261771140926993211270619823291287680756734245726889116094600193361386071066181456538682076953635795097686209700925
-0.00809451438195861983770359887349049335563961028559851289324532037171040458564606993104083188121185256743652434094382997637501139937740364596410877597317977193874342415714187417757053223039355882417347285798407874329640410154872711421895363475341988220519144455026615148408908954889327294578774793659784940856831316852638954879148887158315175775212044069894587504556016202421868546405716717624920977253504354654870240395863767819537776656167707568588959939976501895945365479019483929178218644259433134460533366955899187326607620899876683206929727630707086401613052174162228707997315686445249046380352254650874841500129384
0.432831765261324882951364442033287042150034522340717963448364965173344231437435134588466114442926109453919898041274358202385687810579039577011306395621947253027287782559514234119554684105335984085857916546471964685742459998929933095317868952762181874223365603909347456557791842150067448467373770952225252883660260921467547344826140633439827118976189973111085364659327775665425601682916151767894062279028482102777451345710907647051376147350821487841769827997924377907725121647332303018684533249695570387515175377255896578024052374655934926790666179851586742866055870556501447852761189440873738030869441205593803950618639
-0.10720803576545409788070188013382053849295099471346999326667052975871172616941451601290238958058953746671136034350281971450398337747686529165423134189550847975315271371075382982724020447170142721992883740721262752806924046201324756222610151258621236930975541747126833843900662998155501594397099410524552445517056092623351643042474147783673788947218931000674076865518039683521332353912136834445602738777177156621093233752059357693618169830321648329782210571542466222122326191615460978848781471699636090308382823834148607443807250428058409753478993507879469831999917596775569579473992233567579185354484792657804540601984

