0 128 -389 -450
0.8540442785226615480743185610041888348852
0.4922305216392371132166505017315939916626
0.05771146133002981786996556025758648357549
0.9988152473147232852018131940376063330642
0.657069524257439935653435692263740296307
0.8469527924090390574648029519282771592895
0.8316549099043756678038724866099075333175
0.5213632029759233223498515401323994101311
0.2512170746949481693914733235448887824286
0.3869349837852464553848765131479214157572
0.09070859609595154375129498688577717975834
0.9990983838276336482101827209858699787132
0.5576497006800674144786316237163664028371
0.6236146366226364143862476488578322019633
0.2340144304641525147146204912446067448072
0.638758548377229711408950499379025488664
0.6720935359584255130633049330183182447468
0.7866024485409218059164614472019088245302
0.998739986268968155618205312554413214923
0.5819307213953441687600693439946757274487
0.6550761098608651517223737079698638178303

416 128 6485 3196
0.2770444141021137608446777227019530685909
-0.4652581984749448909432294473538671429402
1.368641544838301860266686734620957205946
0.5830155761568711257180576157230018669411
-0.4479980217034224535032212160249743170154
0.07571205778247290223986807001712878505643
0.6341844380825139078362155186982453067507
1.152035362361998874689630359786555218419
0.2926619406517727406416285444983930806574
-1.368626351288541949065044633319033595959
-0.007233312741257705225471452160352093141664
1.017884021761886435702796811344921296199
0.2037199138495019682770076427393824031407
-0.7959808398796152460691624426959265813842
-0.418454461763719825719136886413585761642
0.2973384054062416113570096997692547414266
0.7078754401742593743785158246923558576005
0.1942394751296512272165920165118611835268
-0.2781907109032853372773538849451791177665
0.2633213926067364275129437248596041208171
-0.1845840024136033031877073808879052596964

416 256 6393 3141
0.2770444141021137608446777227019530685908999999999999999999999999999999999838097
-0.4652581984749448909432294473538671429402000000000000000000000000000000000292487
1.368641544838301860266686734620957205945999999999999999999999999999999999892556
0.5830155761568711257180576157230018669411000000000000000000000000000000000162802
-0.4479980217034224535032212160249743170153999999999999999999999999999999999309235
0.07571205778247290223986807001712878505642999999999999999999999999999999999776345
0.6341844380825139078362155186982453067507000000000000000000000000000000000134201
1.152035362361998874689630359786555218418999999999999999999999999999999999446086
0.2926619406517727406416285444983930806573999999999999999999999999999999999368361
-1.368626351288541949065044633319033595958999999999999999999999999999999999167425
-0.007233312741257705225471452160352093141663999999999999999999999999999999999766922
1.017884021761886435702796811344921296198999999999999999999999999999999998531921
0.2037199138495019682770076427393824031406999999999999999999999999999999999715463
-0.795980839879615246069162442695926581384200000000000000000000000000000000087774
-0.418454461763719825719136886413585761641999999999999999999999999999999999988078
0.2973384054062416113570096997692547414266000000000000000000000000000000000620205
0.7078754401742593743785158246923558576005000000000000000000000000000000000151029
0.1942394751296512272165920165118611835267999999999999999999999999999999999905165
-0.2781907109032853372773538849451791177664999999999999999999999999999999999644459
0.2633213926067364275129437248596041208171000000000000000000000000000000000058884
-0.1845840024136033031877073808879052596963999999999999999999999999999999999764519

438 256 12936 6480
0.277044414102113760844677722701930885509631786901720324452834333810527214068658
-0.4652581984749448909432294473540483482809274659107984729633737151673647362813825
1.36864154483830186026668673462114410851235499758132991662282457189308282890593
0.5830155761568711257180576157229719327749327820542598974482378006358083504617421
-0.4479980217034224535032212160249744589654646836922332018622546651307559381641021
0.07571205778247290223986807001712066351650425201583550692532149302726022344109893
0.6341844380825139078362155186984528991102084268731822863435002646089715381099155
1.152035362361998874689630359786356171811367246912546241724261624029963317073936
0.2926619406517727406416285444984205167406228693742171506394184075466228106759803
-1.368626351288541949065044633319098538099187431114637612275831808089537892400905
-0.007233312741257705225471452160235677451733929206056447150961783306912668220221183
1.017884021761886435702796811344907096007606224522046622017690356907441011655456
0.2037199138495019682770076427393723610076807432977873647693920620361330969227599
-0.7959808398796152460691624426959207797526685098243058300460062003500735678151616
-0.418454461763719825719136886413595721945469965808733961984427124803359100942201
0.297338405406241611357009699769173499890341811890470385992457239397044625938727
0.7078754401742593743785158246924866423754601167435623530994132395326403764008853
0.1942394751296512272165920165118729080043059854610087056873196528198592181718429
-0.2781907109032853372773538849452353577973576050089630465469910222227381660252502
0.2633213926067364275129437248595924466632165927293080321022480414817374240494521
-0.1845840024136033031877073808878901391359669018153864303344471509725085407817287

438 512 12868 6375
0.277044414102113760844677722701930885509631786901720324452834333810527214068658000000000000000000000000000000000000000000000000000000000000000000001083689123
-0.4652581984749448909432294473540483482809274659107984729633737151673647362813825000000000000000000000000000000000000000000000000000000000000000000845352232
1.36864154483830186026668673462114410851235499758132991662282457189308282890593000000000000000000000000000000000000000000000000000000000000000000000582880782
0.583015576156871125718057615722971932774932782054259897448237800635808350461742100000000000000000000000000000000000000000000000000000000000000000019341688276
-0.447998021703422453503221216024974458965464683692233201862254665130755938164102099999999999999999999999999999999999999999999999999999999999999999976701285566
0.0757120577824729022398680700171206635165042520158355069253214930272602234410989300000000000000000000000000000000000000000000000000000000000000000046858922158
0.634184438082513907836215518698452899110208426873182286343500264608971538109915499999999999999999999999999999999999999999999999999999999999999999964089919621
1.1520353623619988746896303597863561718113672469125462417242616240299633170739360000000000000000000000000000000000000000000000000000000000000000000033102654
0.292661940651772740641628544498420516740622869374217150639418407546622810675980300000000000000000000000000000000000000000000000000000000000000000148342892686
-1.36862635128854194906504463331909853809918743111463761227583180808953789240090500000000000000000000000000000000000000000000000000000000000000000044546125429
-0.00723331274125770522547145216023567745173392920605644715096178330691266822022118299999999999999999999999999999999999999999999999999999999999999999996406308682
1.01788402176188643570279681134490709600760622452204662201769035690744101165545599999999999999999999999999999999999999999999999999999999999999999991182083805
0.203719913849501968277007642739372361007680743297787364769392062036133096922759900000000000000000000000000000000000000000000000000000000000000000000015994663
-0.795980839879615246069162442695920779752668509824305830046006200350073567815161599999999999999999999999999999999999999999999999999999999999999999603613081766
-0.418454461763719825719136886413595721945469965808733961984427124803359100942201000000000000000000000000000000000000000000000000000000000000000000003164100198
0.297338405406241611357009699769173499890341811890470385992457239397044625938727000000000000000000000000000000000000000000000000000000000000000000115921858889
0.707875440174259374378515824692486642375460116743562353099413239532640376400885299999999999999999999999999999999999999999999999999999999999999999793540654709
0.194239475129651227216592016511872908004305985461008705687319652819859218171842899999999999999999999999999999999999999999999999999999999999999999994761819369
-0.27819071090328533727735388494523535779735760500896304654699102222273816602525020000000000000000000000000000000000000000000000000000000000000000000193000903
0.263321392606736427512943724859592446663216592729308032102248041481737424049452100000000000000000000000000000000000000000000000000000000000000000254549817582
-0.1845840024136033031877073808878901391359669018153864303344471509725085407817287000000000000000000000000000000000000000000000000000000000000000000040947938

462 512 25842 12896
0.277044414102113760844677722701930885509631786901720324452834333801795140567657600138550787836023318091974947051822160376207150740605289449211446520705303801
-0.465258198474944890943229447354048348280927465910798472963373714977288630593574771950411689828120834031376991174617337830253311602661393534933980941798034665
1.36864154483830186026668673462114410851235499758132991662282457191112185812724914996707366651334573262610298755594389757467449345868526594473690686407547633
0.583015576156871125718057615722971932774932782054259897448237800526696131622459001971492009994064233496092317036294487739098953067009061860721667081233949252
-0.447998021703422453503221216024974458965464683692233201862254665149705439389762114830836657546772096456155716340188653202722758915747713873242091764275345854
0.0757120577824729022398680700171206635165042520158355069253214930190162506165811824058625707381798249831668194429904136092784242041924930577005007054288437523
0.634184438082513907836215518698452899110208426873182286343500264910226605835489049005535896953206296298119862041510918047845213483294531065256576918245363112
1.15203536236199887468963035978635617181136724691254624172426162346508044035418254776043969239695399004859132492388224729462276445244180310974817514850570726
0.292661940651772740641628544498420516740622869374217150639418407402458568518208526653921261762206409938217615083512747101953166881042854628418720851745846315
-1.36862635128854194906504463331909853809918743111463761227583180798082784439497365285915718963702649078264704800498635287478022474039853032702694438166671147
-0.0072333127412577052254714521602356774517339292060564471509617825426295687825337731510509755177548796379800814255015316881769054255314221255678242209976307392
1.01788402176188643570279681134490709600760622452204662201769035689099189404128872976267473938729055057188715900597759818659553739333212642222550408295397789
0.203719913849501968277007642739372361007680743297787364769392061341307229762963231523803116869414817250685218896906150469811912699354958005981833958151414564
-0.795980839879615246069162442695920779752668509824305830046006201202382217324823363600152517044158405267671901357223932121709840552745109561254032998276581983
-0.418454461763719825719136886413595721945469965808733961984427123871170186681521229190982034734265721714109689973990095543931923911445519575801994852448767112
0.29733840540624161135700969976917349989034181189047038599245723971614583246679814795680511316764128952647390631150498139439954107353857524860788843781900226
0.707875440174259374378515824692486642375460116743562353099413239781973312177235861211690091872260650269668977994986337543733547606188853410260946081879190262
0.194239475129651227216592016511872908004305985461008705687319652736386682554947087996361172194380161604463943891351007091470862751009587677528461606336941634
-0.278190710903285337277353884945235357797357605008963046546991022561120335365533517192496741267583315106199035710723367223563037674382020551027472566784230584
0.263321392606736427512943724859592446663216592729308032102248041655003738194612390295400692051302673308003380451722003811792775288117424601423691865716389213
-0.184584002413603303187707380887890139135966901815386430334447151328389230028059970267760328018001459602411172938840962617833689044515379022535247219744569428

464 512 25843 12896
0.277044414102113760844677722701930885509631786901720324452834333801795140567657600138550787836023318091974947051822160376207150740613742493600288441891301357
-0.465258198474944890943229447354048348280927465910798472963373714977288630593574771950411689828120834031376991174617337830253311602667028897859875555922033036
1.36864154483830186026668673462114410851235499758132991662282457191112185812724914996707366651334573262610298755594389757467449345867963058181101224995147796
0.583015576156871125718057615722971932774932782054259897448237800526696131622459001971492009994064233496092317036294487739098953067009061860721667081233949252
-0.447998021703422453503221216024974458965464683692233201862254665149705439389762114830836657546772096456155716340188653202722758915750179344522170657954595141
0.0757120577824729022398680700171206635165042520158355069253214930190162506165811824058625707381798249831668194429904136092784242041903797966032902251323443633
0.634184438082513907836215518698452899110208426873182286343500264910226605835489049005535896953206296298119862041510918047845213483294531065256576918245363112
1.15203536236199887468963035978635617181136724691254624172426162346508044035418254776043969239695399004859132492388224729462276445244180310974817514850570726
0.292661940651772740641628544498420516740622869374217150639418407402458568518208526653921261762206409938217615083512747101953166881038628106224299891152847537
-1.36862635128854194906504463331909853809918743111463761227583180798082784439497365285915718963702649078264704800498635287478022474039993916775841803519771106
-0.00723331274125770522547145216023567745173392920605644715096178254262956878253377315105097551775487963798008142550153168817690542553494422739650835482512972097
1.01788402176188643570279681134490709600760622452204662201769035689099189404128872976267473938729055057188715900597759818659553739333212642222550408295397789
0.203719913849501968277007642739372361007680743297787364769392061341307229762963231523803116869414817250685218896906150469811912699352140324518886651089415378
-0.795980839879615246069162442695920779752668509824305830046006201202382217324823363600152517044158405267671901357223932121709840552749336083448453958869580761
-0.418454461763719825719136886413595721945469965808733961984427123871170186681521229190982034734265721714109689973990095543931923911445519575801994852448767112
0.297338405406241611357009699769173499890341811890470385992457239716145832466798147956805113167641289526473906311504981394399541073543506191168046225177500834
0.707875440174259374378515824692486642375460116743562353099413239781973312177235861211690091872260650269668977994986337543733547606200124136112735310127187004
0.194239475129651227216592016511872908004305985461008705687319652736386682554947087996361172194380161604463943891351007091470862751021210613563119247967688274
-0.27819071090328533727735388494523535779735760500896304654699102256112033536553351719249674126758331510619903571072336722356303767437296214538682556009663164
0.263321392606736427512943724859592446663216592729308032102248041655003738194612390295400692051302673308003380451722003811792775288130984693464125780952260292
-0.184584002413603303187707380887890139135966901815386430334447151328389230028059970267760328018001459602411172938840962617833689044512561341072299912682570242

464 2048 25870 12870
0.277044414102113760844677722701930885509631786901720324452834333801795140567657600138550787836023318091974947051822160376207150740613742493600288441891301357000000000000000000000000000000000000000000000000000000000000000000000000000000000000000000000000000000000000000000000000000000000000000000000000000000000000000000000000000000000000000000000000000000000000000000000000000000000000000000000000000000000000000000000000000000000000000000000000000000000000000000000000000000000000000000000000000000000000000000000000000000000000000000000000000000000000000000000000000000000000000000000000000000000000000000000000000002
-0.465258198474944890943229447354048348280927465910798472963373714977288630593574771950411689828120834031376991174617337830253311602667028897859875555922033035999999999999999999999999999999999999999999999999999999999999999999999999999999999999999999999999999999999999999999999999999999999999999999999999999999999999999999999999999999999999999999999999999999999999999999999999999999999999999999999999999999999999999999999999999999999999999999999999999999999999999999999999999999999999999999999999999999999999999999999999999999999999999999999999999999999999999999999999999999999999999999999999999999999999999999999999999998
1.36864154483830186026668673462114410851235499758132991662282457191112185812724914996707366651334573262610298755594389757467449345867963058181101224995147795999999999999999999999999999999999999999999999999999999999999999999999999999999999999999999999999999999999999999999999999999999999999999999999999999999999999999999999999999999999999999999999999999999999999999999999999999999999999999999999999999999999999999999999999999999999999999999999999999999999999999999999999999999999999999999999999999999999999999999999999999999999999999999999999999999999999999999999999999999999999999999999999999999999999999999999999999999
0.583015576156871125718057615722971932774932782054259897448237800526696131622459001971492009994064233496092317036294487739098953067009061860721667081233949252000000000000000000000000000000000000000000000000000000000000000000000000000000000000000000000000000000000000000000000000000000000000000000000000000000000000000000000000000000000000000000000000000000000000000000000000000000000000000000000000000000000000000000000000000000000000000000000000000000000000000000000000000000000000000000000000000000000000000000000000000000000000000000000000000000000000000000000000000000000000000000000000000000000000000000000000000001
-0.447998021703422453503221216024974458965464683692233201862254665149705439389762114830836657546772096456155716340188653202722758915750179344522170657954595141000000000000000000000000000000000000000000000000000000000000000000000000000000000000000000000000000000000000000000000000000000000000000000000000000000000000000000000000000000000000000000000000000000000000000000000000000000000000000000000000000000000000000000000000000000000000000000000000000000000000000000000000000000000000000000000000000000000000000000000000000000000000000000000000000000000000000000000000000000000000000000000000000000000000000000000000000005
0.0757120577824729022398680700171206635165042520158355069253214930190162506165811824058625707381798249831668194429904136092784242041903797966032902251323443633000000000000000000000000000000000000000000000000000000000000000000000000000000000000000000000000000000000000000000000000000000000000000000000000000000000000000000000000000000000000000000000000000000000000000000000000000000000000000000000000000000000000000000000000000000000000000000000000000000000000000000000000000000000000000000000000000000000000000000000000000000000000000000000000000000000000000000000000000000000000000000000000000000000000000000000000000004
0.634184438082513907836215518698452899110208426873182286343500264910226605835489049005535896953206296298119862041510918047845213483294531065256576918245363111999999999999999999999999999999999999999999999999999999999999999999999999999999999999999999999999999999999999999999999999999999999999999999999999999999999999999999999999999999999999999999999999999999999999999999999999999999999999999999999999999999999999999999999999999999999999999999999999999999999999999999999999999999999999999999999999999999999999999999999999999999999999999999999999999999999999999999999999999999999999999999999999999999999999999999999999999992
1.15203536236199887468963035978635617181136724691254624172426162346508044035418254776043969239695399004859132492388224729462276445244180310974817514850570725999999999999999999999999999999999999999999999999999999999999999999999999999999999999999999999999999999999999999999999999999999999999999999999999999999999999999999999999999999999999999999999999999999999999999999999999999999999999999999999999999999999999999999999999999999999999999999999999999999999999999999999999999999999999999999999999999999999999999999999999999999999999999999999999999999999999999999999999999999999999999999999999999999999999999999999999999998
0.292661940651772740641628544498420516740622869374217150639418407402458568518208526653921261762206409938217615083512747101953166881038628106224299891152847536999999999999999999999999999999999999999999999999999999999999999999999999999999999999999999999999999999999999999999999999999999999999999999999999999999999999999999999999999999999999999999999999999999999999999999999999999999999999999999999999999999999999999999999999999999999999999999999999999999999999999999999999999999999999999999999999999999999999999999999999999999999999999999999999999999999999999999999999999999999999999999999999999999999999999999999999999996
-1.36862635128854194906504463331909853809918743111463761227583180798082784439497365285915718963702649078264704800498635287478022474039993916775841803519771106000000000000000000000000000000000000000000000000000000000000000000000000000000000000000000000000000000000000000000000000000000000000000000000000000000000000000000000000000000000000000000000000000000000000000000000000000000000000000000000000000000000000000000000000000000000000000000000000000000000000000000000000000000000000000000000000000000000000000000000000000000000000000000000000000000000000000000000000000000000000000000000000000000000000000000000000000003
-0.0072333127412577052254714521602356774517339292060564471509617825426295687825337731510509755177548796379800814255015316881769054255349442273965083548251297209699999999999999999999999999999999999999999999999999999999999999999999999999999999999999999999999999999999999999999999999999999999999999999999999999999999999999999999999999999999999999999999999999999999999999999999999999999999999999999999999999999999999999999999999999999999999999999999999999999999999999999999999999999999999999999999999999999999999999999999999999999999999999999999999999999999999999999999999999999999999999999999999999999999999999999999999999999
1.01788402176188643570279681134490709600760622452204662201769035689099189404128872976267473938729055057188715900597759818659553739333212642222550408295397789000000000000000000000000000000000000000000000000000000000000000000000000000000000000000000000000000000000000000000000000000000000000000000000000000000000000000000000000000000000000000000000000000000000000000000000000000000000000000000000000000000000000000000000000000000000000000000000000000000000000000000000000000000000000000000000000000000000000000000000000000000000000000000000000000000000000000000000000000000000000000000000000000000000000000000000000000002
0.203719913849501968277007642739372361007680743297787364769392061341307229762963231523803116869414817250685218896906150469811912699352140324518886651089415378000000000000000000000000000000000000000000000000000000000000000000000000000000000000000000000000000000000000000000000000000000000000000000000000000000000000000000000000000000000000000000000000000000000000000000000000000000000000000000000000000000000000000000000000000000000000000000000000000000000000000000000000000000000000000000000000000000000000000000000000000000000000000000000000000000000000000000000000000000000000000000000000000000000000000000000000000001
-0.795980839879615246069162442695920779752668509824305830046006201202382217324823363600152517044158405267671901357223932121709840552749336083448453958869580761000000000000000000000000000000000000000000000000000000000000000000000000000000000000000000000000000000000000000000000000000000000000000000000000000000000000000000000000000000000000000000000000000000000000000000000000000000000000000000000000000000000000000000000000000000000000000000000000000000000000000000000000000000000000000000000000000000000000000000000000000000000000000000000000000000000000000000000000000000000000000000000000000000000000000000000000000005
-0.418454461763719825719136886413595721945469965808733961984427123871170186681521229190982034734265721714109689973990095543931923911445519575801994852448767112000000000000000000000000000000000000000000000000000000000000000000000000000000000000000000000000000000000000000000000000000000000000000000000000000000000000000000000000000000000000000000000000000000000000000000000000000000000000000000000000000000000000000000000000000000000000000000000000000000000000000000000000000000000000000000000000000000000000000000000000000000000000000000000000000000000000000000000000000000000000000000000000000000000000000000000000000002
0.297338405406241611357009699769173499890341811890470385992457239716145832466798147956805113167641289526473906311504981394399541073543506191168046225177500833999999999999999999999999999999999999999999999999999999999999999999999999999999999999999999999999999999999999999999999999999999999999999999999999999999999999999999999999999999999999999999999999999999999999999999999999999999999999999999999999999999999999999999999999999999999999999999999999999999999999999999999999999999999999999999999999999999999999999999999999999999999999999999999999999999999999999999999999999999999999999999999999999999999999999999999999999994
0.707875440174259374378515824692486642375460116743562353099413239781973312177235861211690091872260650269668977994986337543733547606200124136112735310127187004000000000000000000000000000000000000000000000000000000000000000000000000000000000000000000000000000000000000000000000000000000000000000000000000000000000000000000000000000000000000000000000000000000000000000000000000000000000000000000000000000000000000000000000000000000000000000000000000000000000000000000000000000000000000000000000000000000000000000000000000000000000000000000000000000000000000000000000000000000000000000000000000000000000000000000000000000005
0.194239475129651227216592016511872908004305985461008705687319652736386682554947087996361172194380161604463943891351007091470862751021210613563119247967688273999999999999999999999999999999999999999999999999999999999999999999999999999999999999999999999999999999999999999999999999999999999999999999999999999999999999999999999999999999999999999999999999999999999999999999999999999999999999999999999999999999999999999999999999999999999999999999999999999999999999999999999999999999999999999999999999999999999999999999999999999999999999999999999999999999999999999999999999999999999999999999999999999999999999999999999999999998
-0.278190710903285337277353884945235357797357605008963046546991022561120335365533517192496741267583315106199035710723367223563037674372962145386825560096631640000000000000000000000000000000000000000000000000000000000000000000000000000000000000000000000000000000000000000000000000000000000000000000000000000000000000000000000000000000000000000000000000000000000000000000000000000000000000000000000000000000000000000000000000000000000000000000000000000000000000000000000000000000000000000000000000000000000000000000000000000000000000000000000000000000000000000000000000000000000000000000000000000000000000000000000000000002
0.263321392606736427512943724859592446663216592729308032102248041655003738194612390295400692051302673308003380451722003811792775288130984693464125780952260291999999999999999999999999999999999999999999999999999999999999999999999999999999999999999999999999999999999999999999999999999999999999999999999999999999999999999999999999999999999999999999999999999999999999999999999999999999999999999999999999999999999999999999999999999999999999999999999999999999999999999999999999999999999999999999999999999999999999999999999999999999999999999999999999999999999999999999999999999999999999999999999999999999999999999999999999999998
-0.184584002413603303187707380887890139135966901815386430334447151328389230028059970267760328018001459602411172938840962617833689044512561341072299912682570241999999999999999999999999999999999999999999999999999999999999999999999999999999999999999999999999999999999999999999999999999999999999999999999999999999999999999999999999999999999999999999999999999999999999999999999999999999999999999999999999999999999999999999999999999999999999999999999999999999999999999999999999999999999999999999999999999999999999999999999999999999999999999999999999999999999999999999999999999999999999999999999999999999999999999999999999999997

486 2048 123323 61646
0.277044414102113760844677722701930885509631786901720324452834333801795140567657600138550787836023318091974947051822160376207150743778578738995441432269140108545420663596369566255165455054024579965585893669995890186034576337567037348792438374666492805770236304170849412469331966780718320530663779479398993180526956646860694215066570455340476888900931307429469069590613618741077098428163562765715587076399235112602006502610334826829148106085447618294564665691597685519567629247389847792456789337980534795208036035972717888161066836144805145648308823434311947237970038074594046485744583675117598964790407430614734408724021
-0.465258198474944890943229447354048348280927465910798472963373714977288630593574771950411689828120834031376991174617337830253311572078879307041763718811799975131266989488248105555945269225433902910404580715171640670848365931637991061880147709215650812757753606667947943822477381319405545725725159238734836032527391115492366204318847465860505830536151651029980580995683346241080118792413146327726141912630750215399459840793128412822312903517207504020957011615461360931912022584683765179245448436657245473421177080917008163096459623444217518392046703639462652446645425026312213993016989442512721600133520133202080853230498
1.36864154483830186026668673462114410851235499758132991662282457191112185812724914996707366651334573262610298755594389757467449342891114569255528052870700840819337435661311907959219895591665456967695427725834746881784477677995267728233112895076632351427557770106456418078005851553040430067136237384225167651952012298453595679346814823475837989407996407957630873082890820297065002823848534884548179816014400899120016347709529949012499298358293011590527701488219280935571274002850736975804237978773288782622535187211042877823603070161423454526739138222250446951707103761746320984761777986246943386111262330225833098837783
0.583015576156871125718057615722971932774932782054259897448237800526696131622459001971492009994064233496092317036294487739098953064622119496505304233802914492972244653842966116848149545918587532903912726265840542205100043190007945710225397385959246498401360279670758061444595557354992818563556606664858361389007935779439202199224434250607921258014309378153946779032731137750820679783839403703976173351999226149878053916249521692881423461869183804078941454962124889169713253415328117891730144430135831723286757644158215575938222422281385871065116934602262895525700588085572931096122522584862285500184099264757711977689997
-0.44799802170342245350322121602497445896546468369223320186225466514970543938976211483083665754677209645615571634018865320272275891410703747651588318954078863458831402599763053071620448440082159749479800242538618588871229805804890598812215005101907540364426233781626428567156601532975982823865859209399638567778308819894746743428731694388210592252262816490831038940985589580323465133722078935271199602970298107167165501282784103601818263254895048182760631044527547293916966621476484789531692320931283516350633770825889451815551421833490353999779010932952787504161893114265374853360450331663698405656725797663990711535561
0.0757120577824729022398680700171206635165042520158355069253214930190162506165811824058625707381798249831668194429904136092784242021196815079466528122617457920650228936208433169709775179283340017046298316228389278180545206520559783490368364227280974097737796272276369619415475127496348204587926410695666178856598197281045014757998805584279251976658075758947405741402044596192236526052321066225037879945264837471527221353141663361069763899290075885143518054591649107588916498895515505724390032351788873803888433147538776464240830712233338210737195964878167719236120638777508986549879133445193529609950063502803232889904265
0.634184438082513907836215518698452899110208426873182286343500264910226605835489049005535896953206296298119862041510918047845213459629883151433417113943142786043961720077053671947480783627000638399841516155422098241313926267639609980219858745501345445975673678618818188932047866883944982192583507378299401765268846579700698450596730497495408969763618627028947398489704055702686645511008096648879201383395703795945225306913104294187785389912652164584060175468342758654183074857226519693996060153914007677480702962221240540271371443337166020632454801361360156387370598264142833606888723905071311939830956584987499390052328
1.15203536236199887468963035978635617181136724691254624172426162346508044035418254776043969239695399004859132492388224729462276447649687137797801486210728588312036445982320120193117736196704302149189028641993702031215980943154943640945664781092431194545590699655789866459884505995490835239662979006382094200515292147932479863810429836562020242396070805928123811131070738828598333828091421077676546904038032065828204661043202902102486427389355521164469316081503333465311819677899159833410677548272032055494289569873548821324830904059886816538732437825449067329792871594106366405795663174252969646907816901860537742250313
0.292661940651772740641628544498420516740622869374217150639418407402458568518208526653921261762206409938217615083512747101953166871736564103524453867725345229827430809576076287939064930436926382975840814413926449507735212715768882307930695350895950174032735042094256267129197712201760285477471077030293210052586775539323884700433849049986999479777844640407067837648058211491340912052368272390878737746696114045673869362011020257618617993444699275468112636796473462710672358585942885215287069075055293000494634950624638219989131352563994440876947771553862306150026884910892282160308341843225196144284128216008192340350503
-1.36862635128854194906504463331909853809918743111463761227583180798082784439497365285915718963702649078264704800498635287478022472313868952737565725419793668502426922851586695182792775069670175057691765457882668283626717678349034601933046293617401837134791035950540134969167808181420763420769226540512667351452826472949192270552832860332522435002408405754728501797300199352313427982037486547138222982849348343237538365347837240520781693898454944009674391898918160786249789430351645565000427151248039166769801970235028416340333853894001447087087183821145261548312818015360654551706719999603404336458701149150390547102135
-0.00723331274125770522547145216023567745173392920605644715096178254262956878253377315105097551775487963798008142550153168817690541847594861717244842291989735160789556837436853383427742737975960646679024951788689877804899727388289760019187438527867157955106233946528804304525941602385975572064440428137796681569225999502836197127816020095631567350312685461878594171734024125835842004632819618864797034779395411434542722305494784094583153772115977337476305405700814704959333385169418771108112509127039037229474221363634203098429436829856569553217225023761080941561373262223885466570228876424768173559727654885651299544723715
1.0178840217618864357027968113449070960076062245220466220176903568909918940412887297626747393872905505718871590059775981865955373924881190388786307088758701409974335285021418529863957955857836467620597861535317218623564570105709924433082708364021665427460283930828936375676108938702184029512870722693820435314239492359034491372694847812055929247643687229668387002652653187922832358169812487369715249996197328995001785495312538473954046088105983029413707097950603045685125201713336226818333288576418542956510543818890152840988623180626852988838633478797648660597704483896858348318560633418613038417837587521026729789494
0.203719913849501968277007642739372361007680743297787364769392061341307229762963231523803116869414817250685218896906150469811912692073562717543459379591094981338367799879584663755493487153211270249316501468264729250625235837180497772811994180860729546729567645021691628540367340539437353728824793062897205229130114536066867173739846352683695240218407632420236702757891148446227282792056485701866301315885519862767326866847052413399954544693087566035645514506557845222330661301377498212707856452372249895740041231065300284360180365793128009984332744115706075443073326188062279143893942363091732648856576692360128819178675
-0.795980839879615246069162442695920779752668509824305830046006201202382217324823363600152517044158405267671901357223932121709840563969863929761879718070700260081254018759790386077657284977604715506655311296110128352550800927241843897577567998827498757365645867511071120275914615272101362144845514676469322964279356159905867222192300915015088943854430340730783834753636106754340675804352518996172786157826632557130498456052558081477634148488699071033977453625144441376259550905571966345188036435416305774966052940106473309427984837603585556921343395590085580820426523108650227012660835404324484751483904284314147277595161
-0.418454461763719825719136886413595721945469965808733961984427123871170186681521229190982034734265721714109689973990095543931923899167432838027286470809895636366391929746877523128367752624275917958364411908254138315257993151024395269699691525568865345173113564171717101980529276028930544932974956708261261085818524027305125564974139074950108195930509573652247151158750061328079065584884438858189737170759795481652667705529939871633829225793833470034136488317746918382934373426741924817605962884280007969166419497710462394078902770713061865960917778010292505900398887796462070057620411562423891462508969923213281701916074
0.297338405406241611357009699769173499890341811890470385992457239716145832466798147956805113167641289526473906311504981394399541080020398643456127895987140879492407355337479202356754117263940248955261332527767141835869194454597878745269625094151072319948065398614918221891118844646413985453899196439623304547851152335396928703748670100855845583265467833397180081229210220808357378331607456043257205134615284204483431689809300772121503399236306577251775153669888682668648925552594100417231391332954082612161967826438879040643991299216555166625470760890049250779409388977357712630494734367159908101791838966766170763571636
0.707875440174259374378515824692486642375460116743562353099413239781973312177235861211690091872260650269668977994986337543733547605841135848253754136033529193296936659025134326330140308533676027915776503058187662867324904121247268894749880472266328347164901920347497812378283234777910920251075043073448670096078897924054492435321533978173917563563585159299039520701524482617558201875771526772902429850237776960154865135074569229277016757418249374920344495563038668419151260217909419581170067575012865991847879407252141232263670494438783009562517324729274216743939875567451930348891901699911842683668808390727090745906963
0.194239475129651227216592016511872908004305985461008705687319652736386682554947087996361172194380161604463943891351007091470862745570556199689337664589332448911203718804133268791624915997132771076206644587654858059679874656059067397708992232663681851286212018830431924716673877460951040420698389371545981018868008506495111073022942385016433118619642245905370636224403602532650938605208776974949710020785718699827857330207200468217117400344480860952274475712298410220361982918252168571330545437130202091338202398274959097811192599127089750055640733048252596003368072142722210762302904913691865685878852216707629337603157
-0.278190710903285337277353884945235357797357605008963046546991022561120335365533517192496741267583315106199035710723367223563037673435196557745471761851682559523314346849043846663183229585125083315399924280850234008099304113942525133491272457391376486524437147138274694625015262422296344784919842623142943905678220232061715654317341956268279926478403120658709241755914874217546712017838709729436920663126913023215972624201204048341105140594429763039171904346737022741913837003990258011103771305428022378731851698664361089218265292105480919495408971794599838590615686445345915654266549702876936106454668130881857751189463
0.263321392606736427512943724859592446663216592729308032102248041655003738194612390295400692051302673308003380451722003811792775287628119078581396747844047370499674898379381625310782931450010574655998659965126776442406429413015855467627102593324782645126594578350480058000057490623301227502099766118291887362654433456974877647340900278265455481706259461313894006895473579932728531194632419763090663816545300233741629106412164047977933816156678312696011423685787152341744881931887622212167102785008953264758901199777213925795441499931504259764982984645503449786555765465863762704064369935721509099244374005904631188111556
-0.184584002413603303187707380887890139135966901815386430334447151328389230028059970267760328018001459602411172938840962617833689045625013212235144682602367332676908284697084576126119043659634539287843215857886205197181098530977545371864327935014488677001336769005053322361118185086280828842852552379766899119774271990859694205116704786043371820676551579256775003294697011673748337989381469824763088159057167074991810637302030469252466232561285362781233644284275890907993213616653052770795335824678081581375099133078832207296030600608451266513202831518479674722657415708049700791487361213608189464129205449223664284003849

