0 128 -455 -520
0.2022639938004705007783736520458346279829
0.07042576629685006198431644884086243222654
0.891632205103200266853009033298128630327
0.3690767829360630674398444016313029464657
0.4081480196695229797806793978190978457619
0.2354757981058803111883621628203824981678
0.8427014877552598235360452164697104363633
0.1349940957382598303612178733768828007638
0.9790480249708367895941852963695676647131
0.8284820602896309263147615186955155877288
0.5635502608079614132013067045770790917307
0.56165120991965536710346947409164552215
0.8163849108276759448758684826302154027001
0.6952031464499077623494658792477505481446
0.9264347559173748100060035708963725618236
0.4117093069819806897608616356611542736
0.8236438112585222672818494754720687806521
0.2241935758473115802774256831877663942281
0.2312344486265877208701036962467338744559
0.5061723285499418123542548868071464633772
0.8469935628522111951316957390711672049193

2421 128 6306 3084
0.05380992930803629874006163390166131577626
-2.186385064907810928995791285743894864217
2.727813963628999149533627134918645359218
3.215984555209711757825103702669281799086
-3.417072477781566764389199441428050641221
1.121279996292405726268517386268317146515
-0.1894088858562593721720182094970080264797
0.2702508215194102270869608927216512595415
-0.04134697494076600747812680787595937455716
0.007961660268315478659273945073756711183204
-0.04477220782456018638430145264505766801731
-1.551166015531677704074580743736957692482
0.05386220286304396358151044264719068908345
-0.02160519989577095801894143998977284142201
1.56042794550254202497253401216097654708
1.221874939342939091555827443071542758131
1.435937503115481223482108512709322647688
0.4983361173081661045369234239023896619669
0.2192069911021647251793541824828794285083
-1.114604753553906536020485566973391157367
-1.260750797314844608733727995192755183396

2423 128 6325 3096
0.05380992930803629874006163390165938984632
-2.186385064907810928995791285743894864217
2.727813963628999149533627134918645359218
3.215984555209711757825103702669281799086
-3.417072477781566764389199441428050641221
1.121279996292405726268517386268317146515
-0.1894088858562593721720182094970072561077
0.2702508215194102270869608927216512595415
-0.04134697494076600747812680787595937455716
0.00796166026831547865927394507375545932874
-0.04477220782456018638430145264505343097144
-1.551166015531677704074580743736957692482
0.05386220286304396358151044264719415575735
-0.02160519989577095801894143998977053030608
1.560427945502542024972534012160982710056
1.221874939342939091555827443071548921106
1.435937503115481223482108512709322647688
0.4983361173081661045369234239023927434548
0.2192069911021647251793541824828825099962
-1.114604753553906536020485566973387016618
-1.26075079731484460873372799519274902042

2423 256 6336 3073
0.05380992930803629874006163390165938984632000000000000000000000000000000000078879
-2.18638506490781092899579128574389486421700000000000000000000000000000000200088
2.727813963628999149533627134918645359217999999999999999999999999999999999994439
3.21598455520971175782510370266928179908600000000000000000000000000000000020836
-3.417072477781566764389199441428050641221000000000000000000000000000000000269009
1.121279996292405726268517386268317146515000000000000000000000000000000000000916
-0.1894088858562593721720182094970072561076999999999999999999999999999999999328085
0.2702508215194102270869608927216512595414999999999999999999999999999999999851102
-0.04134697494076600747812680787595937455715999999999999999999999999999999999812212
0.00796166026831547865927394507375545932873999999999999999999999999999999999995636
-0.04477220782456018638430145264505343097144000000000000000000000000000000000868364
-1.551166015531677704074580743736957692482000000000000000000000000000000001888902
0.05386220286304396358151044264719415575734999999999999999999999999999999999941532
-0.02160519989577095801894143998977053030607999999999999999999999999999999999633628
1.560427945502542024972534012160982710055999999999999999999999999999999999620461
1.221874939342939091555827443071548921105999999999999999999999999999999999852538
1.435937503115481223482108512709322647688000000000000000000000000000000000408914
0.4983361173081661045369234239023927434548000000000000000000000000000000000039951
0.2192069911021647251793541824828825099962000000000000000000000000000000000324093
-1.114604753553906536020485566973387016618000000000000000000000000000000000128955
-1.260750797314844608733727995192749020419999999999999999999999999999999999993514

2444 256 12869 6371
0.05380992930803629874006163390054899427692229026193140517700751535280328761698839
-2.186385064907810928995791285606166530654924002742207914550948239475646584409481
2.727813963628999149533627134760793216444870801809602825651084308290750277081403
3.215984555209711757825103702756764015728634994652068543762276988424587303367893
-3.417072477781566764389199441562382944103254231449614623738856722253491318906966
1.121279996292405726268517386312196843135019989253805161014572189404374530151979
-0.1894088858562593721720182095531875377735503275921824865178661228005163074240143
0.2702508215194102270869608928059746333597542453173106279398375875107332368473874
-0.04134697494076600747812680788779872109501473104268265558003096502789040865740597
0.007961660268315478659273945075648700555282410341962704149852002973136676381665866
-0.044772207824560186384301452037060144042858338305925332590474032516979761704418
-1.551166015531677704074580744059436948007433493032948066138969668636581613074256
0.05386220286304396358151044265780312840157852686224619162342889878624540553191523
-0.02160519989577095801894143999267360212040057122641616211848205188188022482419926
1.56042794550254202497253401185714396064110644933802325260648147423866932814198
1.221874939342939091555827443066983068019381237453322477808081414449540047187419
1.435937503115481223482108512698117880593976524936293395982895525034700424221851
0.4983361173081661045369234239253201797042512047000935235963209733335979873122264
0.219206991102164725179354182491848678398552804120428503613295544864159144104762
-1.114604753553906536020485566991853423603457299980990055654514390544203122508461
-1.260750797314844608733727995190416383112704471229147845346079067149886492369039

2444 512 12839 6346
0.0538099293080362987400616339005489942769222902619314051770075153528032876169883899999999999999999999999999999999999999999999999999999999999999999922674432751
-2.18638506490781092899579128560616653065492400274220791455094823947564658440948099999999999999999999999999999999999999999999999999999999999999999784811585994
2.72781396362899914953362713476079321644487080180960282565108430829075027708140300000000000000000000000000000000000000000000000000000000000000000002669704859
3.21598455520971175782510370275676401572863499465206854376227698842458730336789299999999999999999999999999999999999999999999999999999999999999999996424490855
-3.41707247778156676438919944156238294410325423144961462373885672225349131890696600000000000000000000000000000000000000000000000000000000000000000003411783214
1.12127999629240572626851738631219684313501998925380516101457218940437453015197900000000000000000000000000000000000000000000000000000000000000000000945651852
-0.189408885856259372172018209553187537773550327592182486517866122800516307424014299999999999999999999999999999999999999999999999999999999999999999998090751992
0.270250821519410227086960892805974633359754245317310627939837587510733236847387399999999999999999999999999999999999999999999999999999999999999999999354693686
-0.0413469749407660074781268078877987210950147310426826555800309650278904086574059699999999999999999999999999999999999999999999999999999999999999999997651499124
0.00796166026831547865927394507564870055528241034196270414985200297313667638166586600000000000000000000000000000000000000000000000000000000000000000097705558597
-0.0447722078245601863843014520370601440428583383059253325904740325169797617044180000000000000000000000000000000000000000000000000000000000000000000001151164005
-1.55116601553167770407458074405943694800743349303294806613896966863658161307425600000000000000000000000000000000000000000000000000000000000000000038323216716
0.053862202863043963581510442657803128401578526862246191623428898786245405531915229999999999999999999999999999999999999999999999999999999999999999992067652061
-0.0216051998957709580189414399926736021204005712264161621184820518818802248241992599999999999999999999999999999999999999999999999999999999999999999997895970736
1.5604279455025420249725340118571439606411064493380232526064814742386693281419799999999999999999999999999999999999999999999999999999999999999999999730094984
1.22187493934293909155582744306698306801938123745332247780808141444954004718741899999999999999999999999999999999999999999999999999999999999999999923007100931
1.435937503115481223482108512698117880593976524936293395982895525034700424221851000000000000000000000000000000000000000000000000000000000000000000135164406
0.498336117308166104536923423925320179704251204700093523596320973333597987312226399999999999999999999999999999999999999999999999999999999999999999998727722773
0.219206991102164725179354182491848678398552804120428503613295544864159144104761999999999999999999999999999999999999999999999999999999999999999999976209960484
-1.11460475355390653602048556699185342360345729998099005565451439054420312250846099999999999999999999999999999999999999999999999999999999999999999993688464803
-1.26075079731484460873372799519041638311270447122914784534607906714988649236903899999999999999999999999999999999999999999999999999999999999999999762500970856

2470 512 25889 12922
0.0538099293080362987400616339005489942769222902619314051770075129491890471232126829169211942094355596031074542561886600358957704349975379435910914842713132484
-2.18638506490781092899579128560616653065492400274220791455094777044302594425744861680674294532564970576964440107694545358634409172493342492785723760759564887
2.72781396362899914953362713476079321644487080180960282565108377796689827584808499485255851002742830039894738751324447274980190623059020074572329369330383362
3.21598455520971175782510370275676401572863499465206854376227728692681794352784975589484057242896489322520203961995243741368515817357323365572577528489870929
-3.41707247778156676438919944156238294410325423144961462373885717614934551240490303147347027614351915038480027266730702183376385964275824329472311983715118909
1.12127999629240572626851738631219684313501998925380516101457233878182335303276513431931390785692020014419249642781406247271865548667754338558660308174424286
-0.189408885856259372172018209553187537773550327592182486517866309270899822671787710544363283172478958640684860353379091684098165022705521856529395832022446568
0.270250821519410227086960892805974633359754245317310627939837864005012882145961284070963294524073743582017134810645010245233690532616329182951373914415883802
-0.0413469749407660074781268078877987210950147310426826555800310046773778994877228685887390770623348103431700978316081424703361798902255563694442810176650116672
0.0079616602683154786592739450756487005552824103419627041498520093495395946926792763746737797645606477400290063662821853517305365916641406995908692321654282771
-0.0447722078245601863843014520370601440428583383059253325904721387320030657106541512602241681279325292837474188645378193762519611918916961939153493899493131812
-1.55116601553167770407458074405943694800743349303294806613897067137711654381626961962869037601476831598225611861511699300470372254255157320771524341518542877
0.0538622028630439635815104426578031284015785268622461916234289393727811847777529767041122010380081673402067393525778125328843370046337897234609273101530740568
-0.0216051998957709580189414399926736021204005712264161621184820629804454924793864542754892572981881257362547093451672329032904841988831042103676857947794091294
1.56042794550254202497253401185714396064110644933802325260648051628480842952264085633277010363484660570490599359663473191145719302832837165362560395491573787
1.22187493934293909155582744306698306801938123745332247780808146855438993993976759523253832095248171517883715435418804835744325586301067871329363546030842239
1.43593750311548122348210851269811788059397652493629339598289542459943547599053882771200096686308228104358988929196828035812188353131216948584681234467451101
0.498336117308166104536923423925320179704251204700093523596321051765054444005840282481122068910571295836636069429339998368653469852684513383965913571516128108
0.219206991102164725179354182491848678398552804120428503613295568255161635299158977920356722665000016571896142960564597320075665677144618024740396109994293819
-1.11460475355390653602048556699185342360345729998099005565451453690185384047479337195828676852420761694324389746178267003678678451075308266734758413327949142
-1.26075079731484460873372799519041638311270447122914784534607897627218765476051231138773131086692769168771535857427825436750749041348201854365611891154283987

2470 2048 25886 12856
0.0538099293080362987400616339005489942769222902619314051770075129491890471232126829169211942094355596031074542561886600358957704349975379435910914842713132484000000000000000000000000000000000000000000000000000000000000000000000000000000000000000000000000000000000000000000000000000000000000000000000000000000000000000000000000000000000000000000000000000000000000000000000000000000000000000000000000000000000000000000000000000000000000000000000000000000000000000000000000000000000000000000000000000000000000000000000000000000000000000000000000000000000000000000000000000000000000000000000000000000000000000000000000000005
-2.18638506490781092899579128560616653065492400274220791455094777044302594425744861680674294532564970576964440107694545358634409172493342492785723760759564887000000000000000000000000000000000000000000000000000000000000000000000000000000000000000000000000000000000000000000000000000000000000000000000000000000000000000000000000000000000000000000000000000000000000000000000000000000000000000000000000000000000000000000000000000000000000000000000000000000000000000000000000000000000000000000000000000000000000000000000000000000000000000000000000000000000000000000000000000000000000000000000000000000000000000000000000000005
2.72781396362899914953362713476079321644487080180960282565108377796689827584808499485255851002742830039894738751324447274980190623059020074572329369330383362000000000000000000000000000000000000000000000000000000000000000000000000000000000000000000000000000000000000000000000000000000000000000000000000000000000000000000000000000000000000000000000000000000000000000000000000000000000000000000000000000000000000000000000000000000000000000000000000000000000000000000000000000000000000000000000000000000000000000000000000000000000000000000000000000000000000000000000000000000000000000000000000000000000000000000000000000005
3.21598455520971175782510370275676401572863499465206854376227728692681794352784975589484057242896489322520203961995243741368515817357323365572577528489870929
-3.41707247778156676438919944156238294410325423144961462373885717614934551240490303147347027614351915038480027266730702183376385964275824329472311983715118909000000000000000000000000000000000000000000000000000000000000000000000000000000000000000000000000000000000000000000000000000000000000000000000000000000000000000000000000000000000000000000000000000000000000000000000000000000000000000000000000000000000000000000000000000000000000000000000000000000000000000000000000000000000000000000000000000000000000000000000000000000000000000000000000000000000000000000000000000000000000000000000000000000000000000000000000000005
1.12127999629240572626851738631219684313501998925380516101457233878182335303276513431931390785692020014419249642781406247271865548667754338558660308174424286000000000000000000000000000000000000000000000000000000000000000000000000000000000000000000000000000000000000000000000000000000000000000000000000000000000000000000000000000000000000000000000000000000000000000000000000000000000000000000000000000000000000000000000000000000000000000000000000000000000000000000000000000000000000000000000000000000000000000000000000000000000000000000000000000000000000000000000000000000000000000000000000000000000000000000000000000002
-0.189408885856259372172018209553187537773550327592182486517866309270899822671787710544363283172478958640684860353379091684098165022705521856529395832022446568000000000000000000000000000000000000000000000000000000000000000000000000000000000000000000000000000000000000000000000000000000000000000000000000000000000000000000000000000000000000000000000000000000000000000000000000000000000000000000000000000000000000000000000000000000000000000000000000000000000000000000000000000000000000000000000000000000000000000000000000000000000000000000000000000000000000000000000000000000000000000000000000000000000000000000000000000003
0.270250821519410227086960892805974633359754245317310627939837864005012882145961284070963294524073743582017134810645010245233690532616329182951373914415883802
-0.0413469749407660074781268078877987210950147310426826555800310046773778994877228685887390770623348103431700978316081424703361798902255563694442810176650116672000000000000000000000000000000000000000000000000000000000000000000000000000000000000000000000000000000000000000000000000000000000000000000000000000000000000000000000000000000000000000000000000000000000000000000000000000000000000000000000000000000000000000000000000000000000000000000000000000000000000000000000000000000000000000000000000000000000000000000000000000000000000000000000000000000000000000000000000000000000000000000000000000000000000000000000000000005
0.00796166026831547865927394507564870055528241034196270414985200934953959469267927637467377976456064774002900636628218535173053659166414069959086923216542827710000000000000000000000000000000000000000000000000000000000000000000000000000000000000000000000000000000000000000000000000000000000000000000000000000000000000000000000000000000000000000000000000000000000000000000000000000000000000000000000000000000000000000000000000000000000000000000000000000000000000000000000000000000000000000000000000000000000000000000000000000000000000000000000000000000000000000000000000000000000000000000000000000000000000000000000000000017
-0.0447722078245601863843014520370601440428583383059253325904721387320030657106541512602241681279325292837474188645378193762519611918916961939153493899493131811999999999999999999999999999999999999999999999999999999999999999999999999999999999999999999999999999999999999999999999999999999999999999999999999999999999999999999999999999999999999999999999999999999999999999999999999999999999999999999999999999999999999999999999999999999999999999999999999999999999999999999999999999999999999999999999999999999999999999999999999999999999999999999999999999999999999999999999999999999999999999999999999999999999999999999999999999993
-1.55116601553167770407458074405943694800743349303294806613897067137711654381626961962869037601476831598225611861511699300470372254255157320771524341518542877
0.0538622028630439635815104426578031284015785268622461916234289393727811847777529767041122010380081673402067393525778125328843370046337897234609273101530740568000000000000000000000000000000000000000000000000000000000000000000000000000000000000000000000000000000000000000000000000000000000000000000000000000000000000000000000000000000000000000000000000000000000000000000000000000000000000000000000000000000000000000000000000000000000000000000000000000000000000000000000000000000000000000000000000000000000000000000000000000000000000000000000000000000000000000000000000000000000000000000000000000000000000000000000000000004
-0.0216051998957709580189414399926736021204005712264161621184820629804454924793864542754892572981881257362547093451672329032904841988831042103676857947794091293999999999999999999999999999999999999999999999999999999999999999999999999999999999999999999999999999999999999999999999999999999999999999999999999999999999999999999999999999999999999999999999999999999999999999999999999999999999999999999999999999999999999999999999999999999999999999999999999999999999999999999999999999999999999999999999999999999999999999999999999999999999999999999999999999999999999999999999999999999999999999999999999999999999999999999999999999998
1.56042794550254202497253401185714396064110644933802325260648051628480842952264085633277010363484660570490599359663473191145719302832837165362560395491573786999999999999999999999999999999999999999999999999999999999999999999999999999999999999999999999999999999999999999999999999999999999999999999999999999999999999999999999999999999999999999999999999999999999999999999999999999999999999999999999999999999999999999999999999999999999999999999999999999999999999999999999999999999999999999999999999999999999999999999999999999999999999999999999999999999999999999999999999999999999999999999999999999999999999999999999999999999
1.22187493934293909155582744306698306801938123745332247780808146855438993993976759523253832095248171517883715435418804835744325586301067871329363546030842239000000000000000000000000000000000000000000000000000000000000000000000000000000000000000000000000000000000000000000000000000000000000000000000000000000000000000000000000000000000000000000000000000000000000000000000000000000000000000000000000000000000000000000000000000000000000000000000000000000000000000000000000000000000000000000000000000000000000000000000000000000000000000000000000000000000000000000000000000000000000000000000000000000000000000000000000000003
1.43593750311548122348210851269811788059397652493629339598289542459943547599053882771200096686308228104358988929196828035812188353131216948584681234467451101
0.498336117308166104536923423925320179704251204700093523596321051765054444005840282481122068910571295836636069429339998368653469852684513383965913571516128107999999999999999999999999999999999999999999999999999999999999999999999999999999999999999999999999999999999999999999999999999999999999999999999999999999999999999999999999999999999999999999999999999999999999999999999999999999999999999999999999999999999999999999999999999999999999999999999999999999999999999999999999999999999999999999999999999999999999999999999999999999999999999999999999999999999999999999999999999999999999999999999999999999999999999999999999999994
0.219206991102164725179354182491848678398552804120428503613295568255161635299158977920356722665000016571896142960564597320075665677144618024740396109994293819000000000000000000000000000000000000000000000000000000000000000000000000000000000000000000000000000000000000000000000000000000000000000000000000000000000000000000000000000000000000000000000000000000000000000000000000000000000000000000000000000000000000000000000000000000000000000000000000000000000000000000000000000000000000000000000000000000000000000000000000000000000000000000000000000000000000000000000000000000000000000000000000000000000000000000000000000001
-1.11460475355390653602048556699185342360345729998099005565451453690185384047479337195828676852420761694324389746178267003678678451075308266734758413327949141999999999999999999999999999999999999999999999999999999999999999999999999999999999999999999999999999999999999999999999999999999999999999999999999999999999999999999999999999999999999999999999999999999999999999999999999999999999999999999999999999999999999999999999999999999999999999999999999999999999999999999999999999999999999999999999999999999999999999999999999999999999999999999999999999999999999999999999999999999999999999999999999999999999999999999999999999999
-1.26075079731484460873372799519041638311270447122914784534607897627218765476051231138773131086692769168771535857427825436750749041348201854365611891154283986999999999999999999999999999999999999999999999999999999999999999999999999999999999999999999999999999999999999999999999999999999999999999999999999999999999999999999999999999999999999999999999999999999999999999999999999999999999999999999999999999999999999999999999999999999999999999999999999999999999999999999999999999999999999999999999999999999999999999999999999999999999999999999999999999999999999999999999999999999999999999999999999999999999999999999999999999998

2492 2048 123221 61545
0.0538099293080362987400616339005489942769222902619314051770075129491890471232126829169211942094355596031074542561886600358957704024469378460146202940537401051729356548241005354446970619469228261408019002580542130958603690252604785831105562097466339923081639246683290904123076274003833686760729942333110704864084860799631555704462453483948898134028232679143859079148329063894553897346253482284716020175953744110242849250723729623831232998773422965390786004468792239600667237885563433019371540748527985119870828173628783154563914764802094150841465719258234846529362242423087758124622557850110375974423572214469931311642573
-2.18638506490781092899579128560616653065492400274220791455094777044302594425744861680674294532564970576964440107694545358634408585048299653642440358606354388289982126523719870525485347835708221557602486276439375192539536877013129024753158084371790456710055834361900309907896021085348888286010168378393273278876836347983681570660303968399886567376519197770127008362313124174518721950722368781924977371222667575735072341577511280363425271649574615447159363352637073537805691253098308133398591557455736886040228480364335411548981963543855860134556223075351766510821451729230327220693665987693461937343291687409560689109698
2.72781396362899914953362713476079321644487080180960282565108377796689827584808499485255851002742830039894738751324447274980189957617918290085571289523336837765130481561674949179528198577792956241369224054886938487915847339193159327829275876730300020309334864252143075532637250363791104218953327887621071998189060005047836733006459735997647187514333871014091156100465928211700067229298241815593624805961065632053561774860896738433953290681050072346248767342893496802344860032847275008266763247649385419898812072714437144692600289730158371757898028169105836703334284966765331377681184882759679912267379514194211010623657
3.21598455520971175782510370275676401572863499465206854376227728692681794352784975589484057242896489322520203961995243741368516191232463705655870986177731654458451717123605134191132236896334011254541093887418209006566103096111881051573812879336430828678773501181474849648106792926644665054588919315831673870730140392769486792091917080352512946208691203819210452513115309653372113898185925087994363968499143996685036597863512031711204898056576276432341777399003403948260411307133843624676226712833940959127041191496225287851551865828900120544402224377443310461376162992736131665063211826543264230733863861672482987050459
-3.41707247778156676438919944156238294410325423144961462373885717614934551240490303147347027614351915038480027266730702183376386533530336899711803902120800281497553226853610047595202003153737453358802515935994185939011338230887041355987941194816231567651671703236733145863540668061956942931143583376704172505301643538809989044761365718242561362951582273061179310445225430014389596577213475923047411858093450709699418226902347481286226077747526986365273623268830301453969717887290939075855586535782443011709678739518574675685478493408369047780536444360689839809417532215446406211806940594553129811550471928465322003487516
1.1212799962924057262685173863121968431350199892538051610145723387818233530327651343193139078569202001441924964278140624727186573584902369148737415895798168123296623918003723608418840702326724016519575908974330679106188146836434313729099353010968893972949139345661236341131226939410906107105487433237240230061634283246689925784935310956590495832460149976536534425248946299367175566398112401941181414637838371765859663119453768266872841928953926791031676875836622474722029805404479168715096128676276730795950583308753118736158308295474942588939059321175690208798929642757601875502953406338924344906226047288243503547198
-0.189408885856259372172018209553187537773550327592182486517866309270899822671787710544363283172478958640684860353379091684098167382331866769831022891793445257208464681792864828679694005985040440259853383034599178759536849336520893816066654216619191932675149250381606276924940245650575280212258853023554775638112003889728638377080337196258263237713323580185895386834978444086401106345826550644232040039540042369702474104827462935288195507966810184516021518583167606849109696738427948632604501116664256396727137757169115278379582102677744659289369450395866952172128251075283528974657480471877852386554551942431016867170293
0.27025082151941022708696089280597463335975424531731062793983786400501288214596128407096329452407374358201713481064501024523369403452384120475058312933622591192186914563794826294969493733617072416810886511895477192473541647193761298781731972391057363441304238776200567827711340764144393918821106793879239003411065821153516575299874941497810412540061138624160956287908013920626135895750498100868592139398742208518586236985935605309630880891777992681067946950049776588015756581022865025303853544816250328788959542212818750682245436020437230269884577805046451482005852759199664831835549174131627637564999622348490821880574
-0.0413469749407660074781268078877987210950147310426826555800310046773778994877228685887390770623348103431700978316081424703361803917383882479455009980824593154686531570749574665968723512038336113992708030027438633744736204128232900515122981686883052095470413231940301939947460132926281800286454006761605598455533883346243891685206756699213757026985997436076070403562036840710075169926816104802566707236701081566146484353692449461447678173919457890233667137859135923675551729998857071871746277065501122531407615457656142910712895588915886176814239412437367224319646898970622814492745372587327071250987111697745459049437623
0.00796166026831547865927394507564870055528241034196270414985200934953959469267927637467377976456064774002900636628218535173053667269630164603855995085889242667572515725043935138557195521259014985723269204012755573961076405169365245154735748017936010937169509040535272946389144244571002923412565728860091228842748585832755702238121354748531260032326668334822016905999563306473092476807594056003733732720025154091947214288050277850377844169287651094570680783012992338943144104389520565511460159398912401600056088847028444275261083692902048706082927961585915451587247830312038491113500280227642005590726532190808642452545485
-0.0447722078245601863843014520370601440428583383059253325904721387320030657106541512602241681279325292837474188645378193762519370906145246289881002949157937213276597584740670402910773426201789179309542737825329307235374992468746051936932023646730827188906822480766407904526686439415304522254948347019073493248505288633987008445012215749754075025680482397357002754948416201896029770031858093460527509418626105458449796169077399246546877229002557696905469965578316065233173560656338410581263540067957725234033803864742454231246488265007721438821459366246052752364600254542905890148658456712055364755228545732660335301305863
-1.55116601553167770407458074405943694800743349303294806613897067137711654381626961962869037601476831598225611861511699300470373531335192131200018633990723161137208125224044702967461923057537677573144019715719068484370208714970596659656700892202764252950518170037532310909439533252870205123097427331488890045859123131203180710568667073061253304294425432739796071263402124017435716789563517615410311067334731757110787177512289462624139478512187661110548428669956486339888376155462402271537932865464054580051830846602028150142105999439471432185340593401467130636180821076484442841634671938274351079841048227474461984423488
0.0538622028630439635815104426578031284015785268622461916234289393727811847777529767041122010380081673402067393525778125328843375099947166066999464812130229834402944403626984731976802758539060744142528516107452596261511772362200182469613763908795975232458563689869786783681210895569859698810228510653039441557311740207149479674485393267843229437612640912403053859134132106438587201180953345965634942439452307045361462555391352329033796559323598733328609696235605777769635905918561888825083268629625482852803574007654135964270463752443496747556857535864001859894104397090279877037085497457589903270340921511540667582347571
-0.0216051998957709580189414399926736021204005712264161621184820629804454924793864542754892572981881257362547093451672329032904843371902964195124849515683196080393362816301656941939642037635887253126614627374105013107601188579265424647290537064595231993408358708565989773307903777620153603597055365448945728950475013308478919144547313353073635818430856213840120997248445462922040959673848212634138202887116401156814222022578804307188085754869000130290893444001965499560418232045886403037565010631053828426176430218773191625617182019525363390924298612945815074643174990136553801363070363749499206651090347887912575250486735
1.56042794550254202497253401185714396064110644933802325260648051628480842952264085633277010363484660570490599359663473191145718086015206316929467618882235187375924122259952843584821057217928432437138490104837628857070783746050864367410881778808988550142349120386088274393014246204252112906393229294995519011498322871789180012169345875378888871038886675112863170998789259574311763528520533932893561313961775142632189598851213089279051417647867633111049823372510218973988825402108519443908239838781359255379529049243798402054238359561316235045645115300090374854726663083510128431350895393806101665417641656118772538057178
1.22187493934293909155582744306698306801938123745332247780808146855438993993976759523253832095248171517883715435418804835744325644832090959217478035752821972184917334256251223257922273857173155640889235332442775455696805215494111310259297546291777042670249769752185242907425570703492855044647311689186142033187374047514314550329455758193114527308387859126223233516523115204278114621418763097596111800232569092839611087745346948447590653211214225187429824683270804707999029569984125925661132286601707999206151290166880757931388119938901798373445756102202429581153591840813878841535234127062933418112130459958971265440887
1.43593750311548122348210851269811788059397652493629339598289542459943547599053882771200096686308228104358988929196828035812188235430110662248712966919524522601295224506699287326611911412900139837562630261693257881409147266982642256039526610081104616077964200788343525491953457118710412553872991598301937203302949866103203768366224173504719897664193392096690476338685522864440552499313701967714719991928014578393830402089562711050383033472872299975484710835360471316078186370263320579252419706407703430720284916831487101727980866352299309000377060993148330264637837409598891942362293331468344000730715824522843290055349
0.498336117308166104536923423925320179704251204700093523596321051765054444005840282481122068910571295836636069429339998368653470834406100939002674331198731349672792280491591544154313588420318349538723129780343443556540004967538137814984640415983061858786976084557547325632179563612064633559922385768605824630368056874033266357399957489969454803126370856118387829185227354397055657353011893271236771366513115986378446534217113957928046840003716826202330086836029571567861287556893408990978059231503762507761179171621942070077294211962374183189348221033352221151455416514316846409058546619869235679409770638352563220084941
0.219206991102164725179354182491848678398552804120428503613295568255161635299158977920356722665000016571896142960564597320075665982482753578576925756627316092792443669779257946858443056713028687091353691436553455439732672103379516211970892165983427989318033467605193455045474187798359919369174680847213888669784060596404682324878012402747533714769692519034853326324373306584055387845550863965083186243216658586866603988873474274783780800541844121572172178203213431382656168235794023228004672951187797181971673546662823423404147477002191853954916881894940422994826116978662486370066572961166568711567731151488799151228212
-1.11460475355390653602048556699185342360345729998099005565451453690185384047479337195828676852420761694324389746178267003678678622090583385806326561744200479608440086024520369320671907136324186569891004818467665830788984166046533523440997047558794251264161549484445328181496310599999508586018232981519214500575426280399393450869933043195484574442903457300633654306782755563627640454975478687745432581305754726003741566508473315889687319339887968513913470480779900221286648887215339451743421554373461031367843679724720005525993099418220945564188900187361556355959985893126910277262369072727962994411248965039612718357914
-1.26075079731484460873372799519041638311270447122914784534607897627218765476051231138773131086692769168771535857427825436750748939860503687417824449710750759424296067765515090365137942647083812571568542897358057405944236023521985445553380367010736392294553376272357518285648092363246214305411776967550836065930109380261919736053543877774048702319284131437604171099385948603202131185613262101197394971827806402554204975635495166879469131398754651426451291541775676097842312632300850275068403656905106367531877799102124403481520055769436765524060427200818467904459596706583793784547670343906894863529347498426338074269641

2495 2048 123226 61538
0.0538099293080362987400616339005489942769222902619314051770075129491890471232126829169211942094355596031074542561886600358957704024469378460146202940537401051729356548241005354446970619469228261408019002580542130958603690252604785831105562097466339923081639246683290904123076274003833686760729942333110704864084860799631555704462453483948898134028232679143859079148329063894553897346253482284716020175953744110242849250723729623831232998773422965390786004468792239600667237885563433019371540748527985119870828173628783154563914764802094150841465719258234846529362242423087758124622557850110375974423572214469931311642631
-2.18638506490781092899579128560616653065492400274220791455094777044302594425744861680674294532564970576964440107694545358634408585048299653642440358606354388289982126523719870525485347835708221557602486276439375192539536877013129024753158084371790456710055834361900309907896021085348888286010168378393273278876836347983681570660303968399886567376519197770127008362313124174518721950722368781924977371222667575735072341577511280363425271649574615447159363352637073537805691253098308133398591557455736886040228480364335411548981963543855860134556223075351766510821451729230327220693665987693461937343291687409560689109698
2.72781396362899914953362713476079321644487080180960282565108377796689827584808499485255851002742830039894738751324447274980189957617918290085571289523336837765130481561674949179528198577792956241369224054886938487915847339193159327829275876730300020309334864252143075532637250363791104218953327887621071998189060005047836733006459735997647187514333871014091156100465928211700067229298241815593624805961065632053561774860896738433953290681050072346248767342893496802344860032847275008266763247649385419898812072714437144692600289730158371757898028169105836703334284966765331377681184882759679912267379514194211010623657
3.21598455520971175782510370275676401572863499465206854376227728692681794352784975589484057242896489322520203961995243741368516191232463705655870986177731654458451717123605134191132236896334011254541093887418209006566103096111881051573812879336430828678773501181474849648106792926644665054588919315831673870730140392769486792091917080352512946208691203819210452513115309653372113898185925087994363968499143996685036597863512031711204898056576276432341777399003403948260411307133843624676226712833940959127041191496225287851551865828900120544402224377443310461376162992736131665063211826543264230733863861672482987050459
-3.41707247778156676438919944156238294410325423144961462373885717614934551240490303147347027614351915038480027266730702183376386533530336899711803902120800281497553226853610047595202003153737453358802515935994185939011338230887041355987941194816231567651671703236733145863540668061956942931143583376704172505301643538809989044761365718242561362951582273061179310445225430014389596577213475923047411858093450709699418226902347481286226077747526986365273623268830301453969717887290939075855586535782443011709678739518574675685478493408369047780536444360689839809417532215446406211806940594553129811550471928465322003487516
1.1212799962924057262685173863121968431350199892538051610145723387818233530327651343193139078569202001441924964278140624727186573584902369148737415895798168123296623918003723608418840702326724016519575908974330679106188146836434313729099353010968893972949139345661236341131226939410906107105487433237240230061634283246689925784935310956590495832460149976536534425248946299367175566398112401941181414637838371765859663119453768266872841928953926791031676875836622474722029805404479168715096128676276730795950583308753118736158308295474942588939059321175690208798929642757601875502953406338924344906226047288243503547198
-0.189408885856259372172018209553187537773550327592182486517866309270899822671787710544363283172478958640684860353379091684098167382331866769831022891793445257208464681792864828679694005985040440259853383034599178759536849336520893816066654216619191932675149250381606276924940245650575280212258853023554775638112003889728638377080337196258263237713323580185895386834978444086401106345826550644232040039540042369702474104827462935288195507966810184516021518583167606849109696738427948632604501116664256396727137757169115278379582102677744659289369450395866952172128251075283528974657480471877852386554551942431016867170293
0.27025082151941022708696089280597463335975424531731062793983786400501288214596128407096329452407374358201713481064501024523369403452384120475058312933622591192186914563794826294969493733617072416810886511895477192473541647193761298781731972391057363441304238776200567827711340764144393918821106793879239003411065821153516575299874941497810412540061138624160956287908013920626135895750498100868592139398742208518586236985935605309630880891777992681067946950049776588015756581022865025303853544816250328788959542212818750682245436020437230269884577805046451482005852759199664831835549174131627637564999622348490821880574
-0.0413469749407660074781268078877987210950147310426826555800310046773778994877228685887390770623348103431700978316081424703361803917383882479455009980824593154686531570749574665968723512038336113992708030027438633744736204128232900515122981686883052095470413231940301939947460132926281800286454006761605598455533883346243891685206756699213757026985997436076070403562036840710075169926816104802566707236701081566146484353692449461447678173919457890233667137859135923675551729998857071871746277065501122531407615457656142910712895588915886176814239412437367224319646898970622814492745372587327071250987111697745459049437603
0.00796166026831547865927394507564870055528241034196270414985200934953959469267927637467377976456064774002900636628218535173053667269630164603855995085889242667572515725043935138557195521259014985723269204012755573961076405169365245154735748017936010937169509040535272946389144244571002923412565728860091228842748585832755702238121354748531260032326668334822016905999563306473092476807594056003733732720025154091947214288050277850377844169287651094570680783012992338943144104389520565511460159398912401600056088847028444275261083692902048706082927961585915451587247830312038491113500280227642005590726532190808642452545872
-0.0447722078245601863843014520370601440428583383059253325904721387320030657106541512602241681279325292837474188645378193762519370906145246289881002949157937213276597584740670402910773426201789179309542737825329307235374992468746051936932023646730827188906822480766407904526686439415304522254948347019073493248505288633987008445012215749754075025680482397357002754948416201896029770031858093460527509418626105458449796169077399246546877229002557696905469965578316065233173560656338410581263540067957725234033803864742454231246488265007721438821459366246052752364600254542905890148658456712055364755228545732660335301305999
-1.55116601553167770407458074405943694800743349303294806613897067137711654381626961962869037601476831598225611861511699300470373531335192131200018633990723161137208125224044702967461923057537677573144019715719068484370208714970596659656700892202764252950518170037532310909439533252870205123097427331488890045859123131203180710568667073061253304294425432739796071263402124017435716789563517615410311067334731757110787177512289462624139478512187661110548428669956486339888376155462402271537932865464054580051830846602028150142105999439471432185340593401467130636180821076484442841634671938274351079841048227474461984423488
0.0538622028630439635815104426578031284015785268622461916234289393727811847777529767041122010380081673402067393525778125328843375099947166066999464812130229834402944403626984731976802758539060744142528516107452596261511772362200182469613763908795975232458563689869786783681210895569859698810228510653039441557311740207149479674485393267843229437612640912403053859134132106438587201180953345965634942439452307045361462555391352329033796559323598733328609696235605777769635905918561888825083268629625482852803574007654135964270463752443496747556857535864001859894104397090279877037085497457589903270340921511540667582347474
-0.0216051998957709580189414399926736021204005712264161621184820629804454924793864542754892572981881257362547093451672329032904843371902964195124849515683196080393362816301656941939642037635887253126614627374105013107601188579265424647290537064595231993408358708565989773307903777620153603597055365448945728950475013308478919144547313353073635818430856213840120997248445462922040959673848212634138202887116401156814222022578804307188085754869000130290893444001965499560418232045886403037565010631053828426176430218773191625617182019525363390924298612945815074643174990136553801363070363749499206651090347887912575250486803
1.56042794550254202497253401185714396064110644933802325260648051628480842952264085633277010363484660570490599359663473191145718086015206316929467618882235187375924122259952843584821057217928432437138490104837628857070783746050864367410881778808988550142349120386088274393014246204252112906393229294995519011498322871789180012169345875378888871038886675112863170998789259574311763528520533932893561313961775142632189598851213089279051417647867633111049823372510218973988825402108519443908239838781359255379529049243798402054238359561316235045645115300090374854726663083510128431350895393806101665417641656118772538057178
1.22187493934293909155582744306698306801938123745332247780808146855438993993976759523253832095248171517883715435418804835744325644832090959217478035752821972184917334256251223257922273857173155640889235332442775455696805215494111310259297546291777042670249769752185242907425570703492855044647311689186142033187374047514314550329455758193114527308387859126223233516523115204278114621418763097596111800232569092839611087745346948447590653211214225187429824683270804707999029569984125925661132286601707999206151290166880757931388119938901798373445756102202429581153591840813878841535234127062933418112130459958971265440887
1.43593750311548122348210851269811788059397652493629339598289542459943547599053882771200096686308228104358988929196828035812188235430110662248712966919524522601295224506699287326611911412900139837562630261693257881409147266982642256039526610081104616077964200788343525491953457118710412553872991598301937203302949866103203768366224173504719897664193392096690476338685522864440552499313701967714719991928014578393830402089562711050383033472872299975484710835360471316078186370263320579252419706407703430720284916831487101727980866352299309000377060993148330264637837409598891942362293331468344000730715824522843290055349
0.498336117308166104536923423925320179704251204700093523596321051765054444005840282481122068910571295836636069429339998368653470834406100939002674331198731349672792280491591544154313588420318349538723129780343443556540004967538137814984640415983061858786976084557547325632179563612064633559922385768605824630368056874033266357399957489969454803126370856118387829185227354397055657353011893271236771366513115986378446534217113957928046840003716826202330086836029571567861287556893408990978059231503762507761179171621942070077294211962374183189348221033352221151455416514316846409058546619869235679409770638352563220084925
0.219206991102164725179354182491848678398552804120428503613295568255161635299158977920356722665000016571896142960564597320075665982482753578576925756627316092792443669779257946858443056713028687091353691436553455439732672103379516211970892165983427989318033467605193455045474187798359919369174680847213888669784060596404682324878012402747533714769692519034853326324373306584055387845550863965083186243216658586866603988873474274783780800541844121572172178203213431382656168235794023228004672951187797181971673546662823423404147477002191853954916881894940422994826116978662486370066572961166568711567731151488799151228181
-1.11460475355390653602048556699185342360345729998099005565451453690185384047479337195828676852420761694324389746178267003678678622090583385806326561744200479608440086024520369320671907136324186569891004818467665830788984166046533523440997047558794251264161549484445328181496310599999508586018232981519214500575426280399393450869933043195484574442903457300633654306782755563627640454975478687745432581305754726003741566508473315889687319339887968513913470480779900221286648887215339451743421554373461031367843679724720005525993099418220945564188900187361556355959985893126910277262369072727962994411248965039612718357914
-1.26075079731484460873372799519041638311270447122914784534607897627218765476051231138773131086692769168771535857427825436750748939860503687417824449710750759424296067765515090365137942647083812571568542897358057405944236023521985445553380367010736392294553376272357518285648092363246214305411776967550836065930109380261919736053543877774048702319284131437604171099385948603202131185613262101197394971827806402554204975635495166879469131398754651426451291541775676097842312632300850275068403656905106367531877799102124403481520055769436765524060427200818467904459596706583793784547670343906894863529347498426338074269641

2496 2048 123226 61538
0.0538099293080362987400616339005489942769222902619314051770075129491890471232126829169211942094355596031074542561886600358957704024469378460146202940537401051729356548241005354446970619469228261408019002580542130958603690252604785831105562097466339923081639246683290904123076274003833686760729942333110704864084860799631555704462453483948898134028232679143859079148329063894553897346253482284716020175953744110242849250723729623831232998773422965390786004468792239600667237885563433019371540748527985119870828173628783154563914764802094150841465719258234846529362242423087758124622557850110375974423572214469931311642631
-2.18638506490781092899579128560616653065492400274220791455094777044302594425744861680674294532564970576964440107694545358634408585048299653642440358606354388289982126523719870525485347835708221557602486276439375192539536877013129024753158084371790456710055834361900309907896021085348888286010168378393273278876836347983681570660303968399886567376519197770127008362313124174518721950722368781924977371222667575735072341577511280363425271649574615447159363352637073537805691253098308133398591557455736886040228480364335411548981963543855860134556223075351766510821451729230327220693665987693461937343291687409560689109698
2.72781396362899914953362713476079321644487080180960282565108377796689827584808499485255851002742830039894738751324447274980189957617918290085571289523336837765130481561674949179528198577792956241369224054886938487915847339193159327829275876730300020309334864252143075532637250363791104218953327887621071998189060005047836733006459735997647187514333871014091156100465928211700067229298241815593624805961065632053561774860896738433953290681050072346248767342893496802344860032847275008266763247649385419898812072714437144692600289730158371757898028169105836703334284966765331377681184882759679912267379514194211010623657
3.21598455520971175782510370275676401572863499465206854376227728692681794352784975589484057242896489322520203961995243741368516191232463705655870986177731654458451717123605134191132236896334011254541093887418209006566103096111881051573812879336430828678773501181474849648106792926644665054588919315831673870730140392769486792091917080352512946208691203819210452513115309653372113898185925087994363968499143996685036597863512031711204898056576276432341777399003403948260411307133843624676226712833940959127041191496225287851551865828900120544402224377443310461376162992736131665063211826543264230733863861672482987050459
-3.41707247778156676438919944156238294410325423144961462373885717614934551240490303147347027614351915038480027266730702183376386533530336899711803902120800281497553226853610047595202003153737453358802515935994185939011338230887041355987941194816231567651671703236733145863540668061956942931143583376704172505301643538809989044761365718242561362951582273061179310445225430014389596577213475923047411858093450709699418226902347481286226077747526986365273623268830301453969717887290939075855586535782443011709678739518574675685478493408369047780536444360689839809417532215446406211806940594553129811550471928465322003487516
1.1212799962924057262685173863121968431350199892538051610145723387818233530327651343193139078569202001441924964278140624727186573584902369148737415895798168123296623918003723608418840702326724016519575908974330679106188146836434313729099353010968893972949139345661236341131226939410906107105487433237240230061634283246689925784935310956590495832460149976536534425248946299367175566398112401941181414637838371765859663119453768266872841928953926791031676875836622474722029805404479168715096128676276730795950583308753118736158308295474942588939059321175690208798929642757601875502953406338924344906226047288243503547198
-0.189408885856259372172018209553187537773550327592182486517866309270899822671787710544363283172478958640684860353379091684098167382331866769831022891793445257208464681792864828679694005985040440259853383034599178759536849336520893816066654216619191932675149250381606276924940245650575280212258853023554775638112003889728638377080337196258263237713323580185895386834978444086401106345826550644232040039540042369702474104827462935288195507966810184516021518583167606849109696738427948632604501116664256396727137757169115278379582102677744659289369450395866952172128251075283528974657480471877852386554551942431016867170293
0.27025082151941022708696089280597463335975424531731062793983786400501288214596128407096329452407374358201713481064501024523369403452384120475058312933622591192186914563794826294969493733617072416810886511895477192473541647193761298781731972391057363441304238776200567827711340764144393918821106793879239003411065821153516575299874941497810412540061138624160956287908013920626135895750498100868592139398742208518586236985935605309630880891777992681067946950049776588015756581022865025303853544816250328788959542212818750682245436020437230269884577805046451482005852759199664831835549174131627637564999622348490821880574
-0.0413469749407660074781268078877987210950147310426826555800310046773778994877228685887390770623348103431700978316081424703361803917383882479455009980824593154686531570749574665968723512038336113992708030027438633744736204128232900515122981686883052095470413231940301939947460132926281800286454006761605598455533883346243891685206756699213757026985997436076070403562036840710075169926816104802566707236701081566146484353692449461447678173919457890233667137859135923675551729998857071871746277065501122531407615457656142910712895588915886176814239412437367224319646898970622814492745372587327071250987111697745459049437603
0.00796166026831547865927394507564870055528241034196270414985200934953959469267927637467377976456064774002900636628218535173053667269630164603855995085889242667572515725043935138557195521259014985723269204012755573961076405169365245154735748017936010937169509040535272946389144244571002923412565728860091228842748585832755702238121354748531260032326668334822016905999563306473092476807594056003733732720025154091947214288050277850377844169287651094570680783012992338943144104389520565511460159398912401600056088847028444275261083692902048706082927961585915451587247830312038491113500280227642005590726532190808642452545775
-0.0447722078245601863843014520370601440428583383059253325904721387320030657106541512602241681279325292837474188645378193762519370906145246289881002949157937213276597584740670402910773426201789179309542737825329307235374992468746051936932023646730827188906822480766407904526686439415304522254948347019073493248505288633987008445012215749754075025680482397357002754948416201896029770031858093460527509418626105458449796169077399246546877229002557696905469965578316065233173560656338410581263540067957725234033803864742454231246488265007721438821459366246052752364600254542905890148658456712055364755228545732660335301305999
-1.55116601553167770407458074405943694800743349303294806613897067137711654381626961962869037601476831598225611861511699300470373531335192131200018633990723161137208125224044702967461923057537677573144019715719068484370208714970596659656700892202764252950518170037532310909439533252870205123097427331488890045859123131203180710568667073061253304294425432739796071263402124017435716789563517615410311067334731757110787177512289462624139478512187661110548428669956486339888376155462402271537932865464054580051830846602028150142105999439471432185340593401467130636180821076484442841634671938274351079841048227474461984423488
0.0538622028630439635815104426578031284015785268622461916234289393727811847777529767041122010380081673402067393525778125328843375099947166066999464812130229834402944403626984731976802758539060744142528516107452596261511772362200182469613763908795975232458563689869786783681210895569859698810228510653039441557311740207149479674485393267843229437612640912403053859134132106438587201180953345965634942439452307045361462555391352329033796559323598733328609696235605777769635905918561888825083268629625482852803574007654135964270463752443496747556857535864001859894104397090279877037085497457589903270340921511540667582347474
-0.0216051998957709580189414399926736021204005712264161621184820629804454924793864542754892572981881257362547093451672329032904843371902964195124849515683196080393362816301656941939642037635887253126614627374105013107601188579265424647290537064595231993408358708565989773307903777620153603597055365448945728950475013308478919144547313353073635818430856213840120997248445462922040959673848212634138202887116401156814222022578804307188085754869000130290893444001965499560418232045886403037565010631053828426176430218773191625617182019525363390924298612945815074643174990136553801363070363749499206651090347887912575250486803
1.56042794550254202497253401185714396064110644933802325260648051628480842952264085633277010363484660570490599359663473191145718086015206316929467618882235187375924122259952843584821057217928432437138490104837628857070783746050864367410881778808988550142349120386088274393014246204252112906393229294995519011498322871789180012169345875378888871038886675112863170998789259574311763528520533932893561313961775142632189598851213089279051417647867633111049823372510218973988825402108519443908239838781359255379529049243798402054238359561316235045645115300090374854726663083510128431350895393806101665417641656118772538057178
1.22187493934293909155582744306698306801938123745332247780808146855438993993976759523253832095248171517883715435418804835744325644832090959217478035752821972184917334256251223257922273857173155640889235332442775455696805215494111310259297546291777042670249769752185242907425570703492855044647311689186142033187374047514314550329455758193114527308387859126223233516523115204278114621418763097596111800232569092839611087745346948447590653211214225187429824683270804707999029569984125925661132286601707999206151290166880757931388119938901798373445756102202429581153591840813878841535234127062933418112130459958971265440887
1.43593750311548122348210851269811788059397652493629339598289542459943547599053882771200096686308228104358988929196828035812188235430110662248712966919524522601295224506699287326611911412900139837562630261693257881409147266982642256039526610081104616077964200788343525491953457118710412553872991598301937203302949866103203768366224173504719897664193392096690476338685522864440552499313701967714719991928014578393830402089562711050383033472872299975484710835360471316078186370263320579252419706407703430720284916831487101727980866352299309000377060993148330264637837409598891942362293331468344000730715824522843290055349
0.498336117308166104536923423925320179704251204700093523596321051765054444005840282481122068910571295836636069429339998368653470834406100939002674331198731349672792280491591544154313588420318349538723129780343443556540004967538137814984640415983061858786976084557547325632179563612064633559922385768605824630368056874033266357399957489969454803126370856118387829185227354397055657353011893271236771366513115986378446534217113957928046840003716826202330086836029571567861287556893408990978059231503762507761179171621942070077294211962374183189348221033352221151455416514316846409058546619869235679409770638352563220084925
0.219206991102164725179354182491848678398552804120428503613295568255161635299158977920356722665000016571896142960564597320075665982482753578576925756627316092792443669779257946858443056713028687091353691436553455439732672103379516211970892165983427989318033467605193455045474187798359919369174680847213888669784060596404682324878012402747533714769692519034853326324373306584055387845550863965083186243216658586866603988873474274783780800541844121572172178203213431382656168235794023228004672951187797181971673546662823423404147477002191853954916881894940422994826116978662486370066572961166568711567731151488799151228181
-1.11460475355390653602048556699185342360345729998099005565451453690185384047479337195828676852420761694324389746178267003678678622090583385806326561744200479608440086024520369320671907136324186569891004818467665830788984166046533523440997047558794251264161549484445328181496310599999508586018232981519214500575426280399393450869933043195484574442903457300633654306782755563627640454975478687745432581305754726003741566508473315889687319339887968513913470480779900221286648887215339451743421554373461031367843679724720005525993099418220945564188900187361556355959985893126910277262369072727962994411248965039612718357914
-1.26075079731484460873372799519041638311270447122914784534607897627218765476051231138773131086692769168771535857427825436750748939860503687417824449710750759424296067765515090365137942647083812571568542897358057405944236023521985445553380367010736392294553376272357518285648092363246214305411776967550836065930109380261919736053543877774048702319284131437604171099385948603202131185613262101197394971827806402554204975635495166879469131398754651426451291541775676097842312632300850275068403656905106367531877799102124403481520055769436765524060427200818467904459596706583793784547670343906894863529347498426338074269641

