0 128 -303 -380
0.7008528293816567884274787255704620832849
0.9904470562657480233497331185066623191278
0.7388469550312264873227155440348170061732
0.3357137536072638036444833187916564267911
0.7184408421965275968379133807572083051778
0.964036772810675233094341165199196234723
0.7193218445620330575031954160896814006295
0.741630798738031506144213013558125341118
0.8193742847745035161194172496312090861883
0.4612735230864254688040549816581310265116
0.5960358752822088258330138895844612981912
0.0692227887020665288669059955413085727553
0.8758093738141210600039131834608550709215
0.2667255337629356854001919284970514603212
0.03065114225420440746303488036274651700086
0.6313618494865795372466247206771722012227
0.1141837053942486692168918572552427272825
0.3722723536309983244175165237055841440725
0.8700066451033274680518764489930885819527
0.07850276197316261193072760220882034748792
0.1790680103129130562657872166789745458291

7920 128 6419 3155
0.04452625184207486583086064694289909897234
-3.395561406424738133072753907585468912049
3.991287907220886081154786762242544094095
2.683697017328295409291009187672593451946
-2.586539686280743996920444393802226249293
0.5943889137603603019964837539672616270962
0.4626742645884442037577809392226141151959
-0.4070032530890344800629914520916967381286
0.3969874066692719652244829719313211597739
-0.2988940337752449660634230254887564671841
0.04387986581269887658008407163131325442694
-2.004061947529777900250298136798838751706
-1.936397656144090925433060016323308941512
1.84068598067324654757910099250784678656
3.055893757187923401524173088982908496511
0.02397593037518860202394904669364224739705
-0.03789371184868413594026998253900968763893
0.2555200910969194328469229564878631628844
0.264414553742512878676512660716318018226
0.3868554420365310458284837763466172349545
0.1071276945975321765644015422945676278777

7920 256 6432 3142
0.04452625184207486583086064694289909897234000000000000000000000000000000000007003
-3.395561406424738133072753907585468912049000000000000000000000000000000000005849
3.991287907220886081154786762242544094095000000000000000000000000000000000072996
2.683697017328295409291009187672593451945999999999999999999999999999999999716579
-2.586539686280743996920444393802226249293000000000000000000000000000000000189536
0.5943889137603603019964837539672616270961999999999999999999999999999999999348841
0.4626742645884442037577809392226141151959000000000000000000000000000000000061965
-0.4070032530890344800629914520916967381286000000000000000000000000000000000462749
0.3969874066692719652244829719313211597738999999999999999999999999999999999989296
-0.2988940337752449660634230254887564671841000000000000000000000000000000000079164
0.04387986581269887658008407163131325442693999999999999999999999999999999999563045
-2.004061947529777900250298136798838751706000000000000000000000000000000000079191
-1.93639765614409092543306001632330894151200000000000000000000000000000000006409
1.840685980673246547579100992507846786560000000000000000000000000000000000063027
3.055893757187923401524173088982908496511000000000000000000000000000000000055035
0.02397593037518860202394904669364224739704999999999999999999999999999999999854271
-0.03789371184868413594026998253900968763893000000000000000000000000000000001201293
0.2555200910969194328469229564878631628844000000000000000000000000000000000438538
0.2644145537425128786765126607163180182259999999999999999999999999999999999753357
0.3868554420365310458284837763466172349544999999999999999999999999999999999842677
0.1071276945975321765644015422945676278777000000000000000000000000000000001196685

7942 256 12943 6428
0.04452625184207486583086064694257912395333554533285417842493412770184729097567033
-3.395561406424738133072753907768147896334344740793267083178255361300590388069175
3.991287907220886081154786762435140886876470859379308167780083337064150140425568
2.683697017328295409291009187725097430938876863562209179334788272430976565116535
-2.586539686280743996920444393808472454878904126055772770062488323037971877791497
0.5943889137603603019964837537373588487645394502074075990156665434108961077402453
0.4626742645884442037577809374792508580878106485046516305404388685855996956808912
-0.4070032530890344800629914502409628205262101492693671594031336349744810575955139
0.3969874066692719652244829719698390709697543371758521265948094558348986660511466
-0.2988940337752449660634230257473052092639228398120653333501598478397038214902954
0.04387986581269887658008407259502144910188327886463576838444308549808534699632464
-2.004061947529777900250298136312986421423662238700655365512194431748219009929123
-1.936397656144090925433060014077270314304420426132644685511750904084504643414767
1.840685980673246547579100992344504658856760380222078171177191211252130091749896
3.055893757187923401524173085450730627769439005746586111462311039053687682806829
0.0239759303751886020239490460412897380907762577657852139636052436923237259332836
-0.03789371184868413594026998168604484888669284467644371055446936096148748149256858
0.2555200910969194328469229565149511319372882561058803995687602046357219843591932
0.2644145537425128786765126607748871188452326995889020761313879257721376176667181
0.3868554420365310458284837760142777652120923750106973135828079014036905880283816
0.1071276945975321765644015423406390948013032562051787073079080854606551145485558

7942 512 12918 6415
0.0445262518420748658308606469425791239533355453328541784249341277018472909756703300000000000000000000000000000000000000000000000000000000000000000005228920835
-3.39556140642473813307275390776814789633434474079326708317825536130059038806917499999999999999999999999999999999999999999999999999999999999999999997166562786
3.99128790722088608115478676243514088687647085937930816778008333706415014042556799999999999999999999999999999999999999999999999999999999999999999889343554695
2.68369701732829540929100918772509743093887686356220917933478827243097656511653499999999999999999999999999999999999999999999999999999999999999999985025583244
-2.58653968628074399692044439380847245487890412605577277006248832303797187779149699999999999999999999999999999999999999999999999999999999999999999888307117362
0.594388913760360301996483753737358848764539450207407599015666543410896107740245299999999999999999999999999999999999999999999999999999999999999999995590099869
0.462674264588444203757780937479250858087810648504651630540438868585599695680891199999999999999999999999999999999999999999999999999999999999999999767586100738
-0.407003253089034480062991450240962820526210149269367159403133634974481057595513899999999999999999999999999999999999999999999999999999999999999999999843808513
0.39698740666927196522448297196983907096975433717585212659480945583489866605114660000000000000000000000000000000000000000000000000000000000000000000117091587
-0.298894033775244966063423025747305209263922839812065333350159847839703821490295399999999999999999999999999999999999999999999999999999999999999999986679320414
0.0438798658126988765800840725950214491018832788646357683844430854980853469963246399999999999999999999999999999999999999999999999999999999999999999990658773606
-2.00406194752977790025029813631298642142366223870065536551219443174821900992912299999999999999999999999999999999999999999999999999999999999999999747621484376
-1.93639765614409092543306001407727031430442042613264468551175090408450464341476699999999999999999999999999999999999999999999999999999999999999999934983155487
1.8406859806732465475791009923445046588567603802220781711771912112521300917498959999999999999999999999999999999999999999999999999999999999999999992340787438
3.0558937571879234015241730854507306277694390057465861114623110390536876828068289999999999999999999999999999999999999999999999999999999999999999998696981976
0.0239759303751886020239490460412897380907762577657852139636052436923237259332835999999999999999999999999999999999999999999999999999999999999999999998674314282
-0.0378937118486841359402699816860448488866928446764437105544693609614874814925685800000000000000000000000000000000000000000000000000000000000000000004329206536
0.255520091096919432846922956514951131937288256105880399568760204635721984359193200000000000000000000000000000000000000000000000000000000000000000100986944087
0.264414553742512878676512660774887118845232699588902076131387925772137617666718100000000000000000000000000000000000000000000000000000000000000000037179790813
0.386855442036531045828483776014277765212092375010697313582807901403690588028381599999999999999999999999999999999999999999999999999999999999999999928675184585
0.107127694597532176564401542340639094801303256205178707307908085460655114548555800000000000000000000000000000000000000000000000000000000000000000002219854661

7964 512 25931 12894
0.0445262518420748658308606469425791239533355453328541784249341281642239990145417790015166442136779443630910082027340239324287943501984837485458140570342539969
-3.39556140642473813307275390776814789633434474079326708317825509567877993265044911653111980865537439798220934030430871304368519085698634910846303386904690993
3.9912879072208860811547867624351408868764708593793081677800830569446434227798785392537228053861086864070550009467895409939638786799185669997210162612078772
2.68369701732829540929100918772509743093887686356220917933478819598430727066961714782545322776417457091455233665026550001105492840160946195392701721306799292
-2.5865396862807439969204443938084724548789041260557727700624883140355377874348746130858755264581776511847124269850885002860691734248171259657463636930268176
0.594388913760360301996483753737358848764539450207407599015666877942898164168900789025905491390659282198855805812921381238099982408642915103341001759988474387
0.462674264588444203757780937479250858087810648504651630540441403896520760768803867182169005053147556070766194884348868478673485150694533699506360124115560501
-0.407003253089034480062991450240962820526210149269367159403136326343083430163629154714009383789605609900660769410045870527446672232519303802982476232987473003
0.396987406669271965224482971969839070969754337175852126594809400120214377100505443443615586807349337218162232569458147343602550397880831317696948697030929983
-0.298894033775244966063423025747305209263922839812065333350159472050697834686506674804839061466613928069099371430602175845371761790757246214505855557925398558
0.0438798658126988765800840725950214491018832788646357683844416841658663944799666197257827524317315906777082659359611331776664978358107641001086704174531445744
-2.00406194752977790025029813631298642142366223870065536551219513822152760268199637421662511777626092325791580285878827769523631104605801319484210552160659198
-1.93639765614409092543306001407727031430442042613264468551175417097028128375093533781231060041559751529695650226315861586108823704588938392122289407717921076
1.84068598067324654757910099234450465885676038022207817117719144820676310496012536330101372711093387164777571491057857763100843932412741997268017640621049325
3.05589375718792340152417308545073062776943900574658611146231617681917938699283972900213923864919297622938832427540718274764961093009451456412082101236736006
0.023975930375188602023949046041289738090776257765785213963606190775740117835799508794005622541470790982006781340041463335193523562572420878136683961488400958
-0.0378937118486841359402699816860448488866928446764437105544705985557189355406412590882872517774462298764918312891925978776569489791024182751626610377834199357
0.255520091096919432846922956514951131937288256105880399568760165180316288205919708461669541179909570359057038851156924651757614048482553557616053647733731374
0.2644145537425128786765126607748871188452326995889020761313878408173040025785392140405952686105373341879138664061048403167259324143160355189710390872971335
0.386855442036531045828483776014277765212092375010697313582808383424722680151366761187066553612934899030730576495422675357613408279934428716977824694297526049
0.107127694597532176564401542340639094801303256205178707307908018357635846769016066604950265832593635316783568196466694216366470673794756276681702787488019322

7970 512 25933 12895
0.0445262518420748658308606469425791239533355453328541784249341281642239990145417790015166442136779443630910082027340239324287943501984837485458140570342539969
-3.39556140642473813307275390776814789633434474079326708317825509567877993265044911653111980865537439798220934030430871304368519085698634910846303386904690993
3.9912879072208860811547867624351408868764708593793081677800830569446434227798785392537228053861086864070550009467895409939638786799185669997210162612078772
2.68369701732829540929100918772509743093887686356220917933478819598430727066961714782545322776417457091455233665026550001105492840160946195392701721306799292
-2.5865396862807439969204443938084724548789041260557727700624883140355377874348746130858755264581776511847124269850885002860691734248171259657463636930268176
0.594388913760360301996483753737358848764539450207407599015666877942898164168900789025905491390659282198855805812921381238099982408642915103341001759988474387
0.462674264588444203757780937479250858087810648504651630540441403896520760768803867182169005053147556070766194884348868478673485150694533699506360124115560501
-0.407003253089034480062991450240962820526210149269367159403136326343083430163629154714009383789605609900660769410045870527446672232519303802982476232987473003
0.396987406669271965224482971969839070969754337175852126594809400120214377100505443443615586807349337218162232569458147343602550397881887948245553937179179678
-0.298894033775244966063423025747305209263922839812065333350159472050697834686506674804839061466613928069099371430602175845371761790757246214505855557925398558
0.0438798658126988765800840725950214491018832788646357683844416841658663944799666197257827524317315906777082659359611331776664978358112593956783291237726366187
-2.00406194752977790025029813631298642142366223870065536551219513822152760268199637421662511777626092325791580285878827769523631104605801319484210552160659198
-1.93639765614409092543306001407727031430442042613264468551175417097028128375093533781231060041559751529695650226315861586108823704588938392122289407717921076
1.84068598067324654757910099234450465885676038022207817117719144820676310496012536330101372711093387164777571491057857763100843932412741997268017640621049325
3.05589375718792340152417308545073062776943900574658611146231617681917938699283972900213923864919297622938832427540718274764961093009451456412082101236736006
0.023975930375188602023949046041289738090776257765785213963606190775740117835799508794005622541470790982006781340041463335193523562572420878136683961488400958
-0.0378937118486841359402699816860448488866928446764437105544705985557189355406412590882872517774462298764918312891925978776569489791024182751626610377834199357
0.255520091096919432846922956514951131937288256105880399568760165180316288205919708461669541179909570359057038851156924651757614048483478109346083232863449856
0.2644145537425128786765126607748871188452326995889020761313878408173040025785392140405952686105373341879138664061048403167259324143160355189710390872971335
0.386855442036531045828483776014277765212092375010697313582808383424722680151366761187066553612934899030730576495422675357613408279934428716977824694297526049
0.1071276945975321765644015423406390948013032562051787073079080183576358467690160666049502658325936353167835681964666942163664706737989827988761237480810181

7970 2048 25884 12862
0.0445262518420748658308606469425791239533355453328541784249341281642239990145417790015166442136779443630910082027340239324287943501984837485458140570342539969000000000000000000000000000000000000000000000000000000000000000000000000000000000000000000000000000000000000000000000000000000000000000000000000000000000000000000000000000000000000000000000000000000000000000000000000000000000000000000000000000000000000000000000000000000000000000000000000000000000000000000000000000000000000000000000000000000000000000000000000000000000000000000000000000000000000000000000000000000000000000000000000000000000000000000000000000003
-3.39556140642473813307275390776814789633434474079326708317825509567877993265044911653111980865537439798220934030430871304368519085698634910846303386904690992999999999999999999999999999999999999999999999999999999999999999999999999999999999999999999999999999999999999999999999999999999999999999999999999999999999999999999999999999999999999999999999999999999999999999999999999999999999999999999999999999999999999999999999999999999999999999999999999999999999999999999999999999999999999999999999999999999999999999999999999999999999999999999999999999999999999999999999999999999999999999999999999999999999999999999999999999994
3.99128790722088608115478676243514088687647085937930816778008305694464342277987853925372280538610868640705500094678954099396387867991856699972101626120787719999999999999999999999999999999999999999999999999999999999999999999999999999999999999999999999999999999999999999999999999999999999999999999999999999999999999999999999999999999999999999999999999999999999999999999999999999999999999999999999999999999999999999999999999999999999999999999999999999999999999999999999999999999999999999999999999999999999999999999999999999999999999999999999999999999999999999999999999999999999999999999999999999999999999999999999999999996
2.68369701732829540929100918772509743093887686356220917933478819598430727066961714782545322776417457091455233665026550001105492840160946195392701721306799291999999999999999999999999999999999999999999999999999999999999999999999999999999999999999999999999999999999999999999999999999999999999999999999999999999999999999999999999999999999999999999999999999999999999999999999999999999999999999999999999999999999999999999999999999999999999999999999999999999999999999999999999999999999999999999999999999999999999999999999999999999999999999999999999999999999999999999999999999999999999999999999999999999999999999999999999999995
-2.58653968628074399692044439380847245487890412605577277006248831403553778743487461308587552645817765118471242698508850028606917342481712596574636369302681759999999999999999999999999999999999999999999999999999999999999999999999999999999999999999999999999999999999999999999999999999999999999999999999999999999999999999999999999999999999999999999999999999999999999999999999999999999999999999999999999999999999999999999999999999999999999999999999999999999999999999999999999999999999999999999999999999999999999999999999999999999999999999999999999999999999999999999999999999999999999999999999999999999999999999999999999999998
0.594388913760360301996483753737358848764539450207407599015666877942898164168900789025905491390659282198855805812921381238099982408642915103341001759988474386999999999999999999999999999999999999999999999999999999999999999999999999999999999999999999999999999999999999999999999999999999999999999999999999999999999999999999999999999999999999999999999999999999999999999999999999999999999999999999999999999999999999999999999999999999999999999999999999999999999999999999999999999999999999999999999999999999999999999999999999999999999999999999999999999999999999999999999999999999999999999999999999999999999999999999999999999985
0.462674264588444203757780937479250858087810648504651630540441403896520760768803867182169005053147556070766194884348868478673485150694533699506360124115560501
-0.407003253089034480062991450240962820526210149269367159403136326343083430163629154714009383789605609900660769410045870527446672232519303802982476232987473003
0.396987406669271965224482971969839070969754337175852126594809400120214377100505443443615586807349337218162232569458147343602550397881887948245553937179179678000000000000000000000000000000000000000000000000000000000000000000000000000000000000000000000000000000000000000000000000000000000000000000000000000000000000000000000000000000000000000000000000000000000000000000000000000000000000000000000000000000000000000000000000000000000000000000000000000000000000000000000000000000000000000000000000000000000000000000000000000000000000000000000000000000000000000000000000000000000000000000000000000000000000000000000000000001
-0.298894033775244966063423025747305209263922839812065333350159472050697834686506674804839061466613928069099371430602175845371761790757246214505855557925398558000000000000000000000000000000000000000000000000000000000000000000000000000000000000000000000000000000000000000000000000000000000000000000000000000000000000000000000000000000000000000000000000000000000000000000000000000000000000000000000000000000000000000000000000000000000000000000000000000000000000000000000000000000000000000000000000000000000000000000000000000000000000000000000000000000000000000000000000000000000000000000000000000000000000000000000000000007
0.0438798658126988765800840725950214491018832788646357683844416841658663944799666197257827524317315906777082659359611331776664978358112593956783291237726366186999999999999999999999999999999999999999999999999999999999999999999999999999999999999999999999999999999999999999999999999999999999999999999999999999999999999999999999999999999999999999999999999999999999999999999999999999999999999999999999999999999999999999999999999999999999999999999999999999999999999999999999999999999999999999999999999999999999999999999999999999999999999999999999999999999999999999999999999999999999999999999999999999999999999999999999999999992
-2.00406194752977790025029813631298642142366223870065536551219513822152760268199637421662511777626092325791580285878827769523631104605801319484210552160659198000000000000000000000000000000000000000000000000000000000000000000000000000000000000000000000000000000000000000000000000000000000000000000000000000000000000000000000000000000000000000000000000000000000000000000000000000000000000000000000000000000000000000000000000000000000000000000000000000000000000000000000000000000000000000000000000000000000000000000000000000000000000000000000000000000000000000000000000000000000000000000000000000000000000000000000000000001
-1.93639765614409092543306001407727031430442042613264468551175417097028128375093533781231060041559751529695650226315861586108823704588938392122289407717921075999999999999999999999999999999999999999999999999999999999999999999999999999999999999999999999999999999999999999999999999999999999999999999999999999999999999999999999999999999999999999999999999999999999999999999999999999999999999999999999999999999999999999999999999999999999999999999999999999999999999999999999999999999999999999999999999999999999999999999999999999999999999999999999999999999999999999999999999999999999999999999999999999999999999999999999999999999
1.84068598067324654757910099234450465885676038022207817117719144820676310496012536330101372711093387164777571491057857763100843932412741997268017640621049324999999999999999999999999999999999999999999999999999999999999999999999999999999999999999999999999999999999999999999999999999999999999999999999999999999999999999999999999999999999999999999999999999999999999999999999999999999999999999999999999999999999999999999999999999999999999999999999999999999999999999999999999999999999999999999999999999999999999999999999999999999999999999999999999999999999999999999999999999999999999999999999999999999999999999999999999999998
3.05589375718792340152417308545073062776943900574658611146231617681917938699283972900213923864919297622938832427540718274764961093009451456412082101236736006000000000000000000000000000000000000000000000000000000000000000000000000000000000000000000000000000000000000000000000000000000000000000000000000000000000000000000000000000000000000000000000000000000000000000000000000000000000000000000000000000000000000000000000000000000000000000000000000000000000000000000000000000000000000000000000000000000000000000000000000000000000000000000000000000000000000000000000000000000000000000000000000000000000000000000000000000006
0.0239759303751886020239490460412897380907762577657852139636061907757401178357995087940056225414707909820067813400414633351935235625724208781366839614884009579999999999999999999999999999999999999999999999999999999999999999999999999999999999999999999999999999999999999999999999999999999999999999999999999999999999999999999999999999999999999999999999999999999999999999999999999999999999999999999999999999999999999999999999999999999999999999999999999999999999999999999999999999999999999999999999999999999999999999999999999999999999999999999999999999999999999999999999999999999999999999999999999999999999999999999999999999998
-0.0378937118486841359402699816860448488866928446764437105544705985557189355406412590882872517774462298764918312891925978776569489791024182751626610377834199357000000000000000000000000000000000000000000000000000000000000000000000000000000000000000000000000000000000000000000000000000000000000000000000000000000000000000000000000000000000000000000000000000000000000000000000000000000000000000000000000000000000000000000000000000000000000000000000000000000000000000000000000000000000000000000000000000000000000000000000000000000000000000000000000000000000000000000000000000000000000000000000000000000000000000000000000000001
0.255520091096919432846922956514951131937288256105880399568760165180316288205919708461669541179909570359057038851156924651757614048483478109346083232863449856000000000000000000000000000000000000000000000000000000000000000000000000000000000000000000000000000000000000000000000000000000000000000000000000000000000000000000000000000000000000000000000000000000000000000000000000000000000000000000000000000000000000000000000000000000000000000000000000000000000000000000000000000000000000000000000000000000000000000000000000000000000000000000000000000000000000000000000000000000000000000000000000000000000000000000000000000003
0.264414553742512878676512660774887118845232699588902076131387840817304002578539214040595268610537334187913866406104840316725932414316035518971039087297133499999999999999999999999999999999999999999999999999999999999999999999999999999999999999999999999999999999999999999999999999999999999999999999999999999999999999999999999999999999999999999999999999999999999999999999999999999999999999999999999999999999999999999999999999999999999999999999999999999999999999999999999999999999999999999999999999999999999999999999999999999999999999999999999999999999999999999999999999999999999999999999999999999999999999999999999999999993
0.386855442036531045828483776014277765212092375010697313582808383424722680151366761187066553612934899030730576495422675357613408279934428716977824694297526049000000000000000000000000000000000000000000000000000000000000000000000000000000000000000000000000000000000000000000000000000000000000000000000000000000000000000000000000000000000000000000000000000000000000000000000000000000000000000000000000000000000000000000000000000000000000000000000000000000000000000000000000000000000000000000000000000000000000000000000000000000000000000000000000000000000000000000000000000000000000000000000000000000000000000000000000000003
0.107127694597532176564401542340639094801303256205178707307908018357635846769016066604950265832593635316783568196466694216366470673798982798876123748081018100000000000000000000000000000000000000000000000000000000000000000000000000000000000000000000000000000000000000000000000000000000000000000000000000000000000000000000000000000000000000000000000000000000000000000000000000000000000000000000000000000000000000000000000000000000000000000000000000000000000000000000000000000000000000000000000000000000000000000000000000000000000000000000000000000000000000000000000000000000000000000000000000000000000000000000000000000001

7991 2048 123311 61632
0.0445262518420748658308606469425791239533355453328541784249341281642239990145417790015166442136779443630910082027340239324287943524853873113404500503642285016983091686499607195609898348775318967975540647788100678736411547336452492950778684990372446614581317086429171121225542553857718102394732888261450404943578547654515679525125947302138623628718818209075592901204802237928531298489269003138074383755215064684159529663698146969096186693987342768800465401385771742855647084459083242157487324895500504507508406546102059041355203133681311167215499208554531962574721250280047983760141307356886319546578696627745808463200716
-3.39556140642473813307275390776814789633434474079326708317825509567877993265044911653111980865537439798220934030430871304368518943466808899600240443453816633251647305000835690949942138531452683536433365014354935210003258874246689238623276169840006035395723865609475068334778700866422037560509735381752767116789524266564041839086059964567485845535148634511008219219734780991536902663503513586898910340344767830420436083075106147363826760891927927140659809169831520243478476729148463276350443388914364819793491479878602285024739128928886287851387654550468425075549519471628428105391849567236285093034770827571890383681559
3.99128790722088608115478676243514088687647085937930816778008305694464342277987853925372280538610868640705500094678954099396387717984697283841403723051835155624761223313573570242504175163525442939126340552617747786930159366163915355766959732098845938654486964793181528947124110062933347017590647407216860815210752094654841803583695564648375115242447999186335154083736616046058033037506536762016052633636554361660178849340287018913867645464358952859848128469714875296980467212243821207117675220389264129802166176158443096979729163892789529428837235043465229153492038234853282043411952333882001360934153415091038650483872
2.68369701732829540929100918772509743093887686356220917933478819598430727066961714782545322776417457091455233665026550001105492799365868610832896691991469058742886106094682228471378674538437469554144173199324775388862817613397409228059627114599093004929988022154204237855319181117661438488004720830877190819712459088574753608948868992958926467616121047464626572466717172861996491813255562415552538278434199993476699540196769436318029091419006286438851047404069622808917326114982623392006839897912498895842901651996471354387467576063598302549208728087882413647612640232311441073534549071920366694277496611788973065017913
-2.58653968628074399692044439380847245487890412605577277006248831403553778743487461308587552645817765118471242698508850028606917337539189606076786514359830344429968089408454996678411394518325124934164280527460901599076707014439442324851218081514861797745816959560413869044902051387180983302256884870190436867971994478734471443943696887842104641710684862913776468452204022089957444632150182427475479915236932884290828901689140680137723839274493584714370374980858161738676086478746198338254229352430971670874144531215098488154819985240218258276463682816422703287647247135886575565678217104199340556406456743834224534917149
0.594388913760360301996483753737358848764539450207407599015666877942898164168900789025905491390659282198855805812921381238099984198415772838965217613644021962299615597976945509507269786959489168067196984887497917638700196583250324675170540186581712009792274352607973956006380079486293696423011378400142437246859847592328267307245479388158635102682472436888892607672280332880209345038129576610957490329742998617578758781284897005587403065958244477553152612963349247752399276772102091682614609928005318564514583399736457052791693864143281524852149290925313486819494670963148181397980148093523041193543315608475722127198512
0.462674264588444203757780937479250858087810648504651630540441403896520760768803867182169005053147556070766194884348868478673498725895060691350401009531826097042524460316684600254905076047692869346617080179303426820271805017492052109667287754184774134988714695405714125491428029925868504844460000343127519123549230990465836417464761516272137751927992770852616348922635123028056872755763881627140004890297128346392965347922600593375541409349260466857727012156562952193981995656751283698561624497755022788068992010419637468148416720999059162307858916035134295458775891795678243605019366286416300283518114702145495111830418
-0.407003253089034480062991450240962820526210149269367159403136326343083430163629154714009383789605609900660769410045870527446686644568744891069853986565767340518991646223160522619952551335617045601581362474825500508449807830201725892415914113185691616997214410818829609472741523731349273075041575732796343296617036968345817192080149061395433800357007540913183594693746192709094808364541591184123730796466710160528624364619264053074104100236326367802253463491990461947564749518526584776133137939054954624263428419718630686131308006400555364864606139749068795187145011072275435567920686584240700813679067024175962322607877
0.396987406669271965224482971969839070969754337175852126594809400120214377100505443443615586807349337218162232569458147343602550100084802115416609763881839059610872749290838589587772819977012851251926546714731662643791338200182949032163487100426243091749733063776892007507366581707238841773719748299606707492477066785342102806323336685450201016630847695429581875149990814110760686428744445852566926284036278228799621900350204582617055056140009924560665328164604206517621095482809772398855859632865795717526272133327279919957850362103091892014586846755313901346177765321049835321197204654585144717692372835981531492166439
-0.298894033775244966063423025747305209263922839812065333350159472050697834686506674804839061466613928069099371430602175845371759777452959091570270225574920962686240785772130509400027012085859320318170701058434311613038143125165457755005631139393513146232199548396350317833617280008694022872121826296931336323816004003359587276593970127150683567687051981415257039560464340021190299074611823230509376813858040616787713688946217643319740820955728770560509140132864687150276416269720698669573805092705148073107532329005645269260116998077970434629138154785756711011464538405253353055092467717534337886674908268960705177254677
0.043879865812698876580084072595021449101883278864635768384441684165866394479966619725782752431731590677708265935961133177666490332245541788767699231731337356903427953435899547975784439649311881159132924839885991808926913269915384097333059856358866025715927398783767809551308306649764273518486174798109721844439990379632459009255879032819411578491032496495028545640605718560979954273133046129849696519256865107321779191612654046648126942867491670292838395261727387467667067938056241611809196723365342681163576070478361022324581956271275300867789095888591374945613011044652858235114527644214459389113062023824501132729803
-2.0040619475297779002502981363129864214236622387006553655121951382215276026819963742166251177762609232579158028587882776952363148288942524237616801168605094906811412556241478410184149100417920655856281469874601957914661382096182153686749737261850146406211530963376984494503941929653164546842790419913077401189622744689032716542810367131437450993190172003615627655572510540217441880128316804954532741089206727137539401239134735445304615373510770442479812997052527789516450397261341733806511198537786168820490468320126686767057681026664037404575879979175419660405552532370531677288326770323298168045362988785282590176086
-1.93639765614409092543306001407727031430442042613264468551175417097028128375093533781231060041559751529695650226315861586108825453978973484490114823060915924664336395875390652866445684391831608295977444313943955208681258460773215557960942963340350411078400377254785221967801704724740917659009314303161484591771140572073357764934661204474395176889807604501522916418513340039199508838184180401028294769289494727590768358527200394289696679167152304253255328604485076061140442528159564992628734832207338454036878672366404270856386682945535736462004740582529554452074950744350751951169627984618788121609240360644126830553632
1.84068598067324654757910099234450465885676038022207817117719144820676310496012536330101372711093387164777571491057857763100844059266433121078156396366348328594359337128739779711945118230574762151791681168371621358318948921090115210458684259102046751322622448287985830690737544428484178733381165371351876201996073942588485468180133535226587432507770797148735054300376433471378679601785539177443640586169235507163837502238800632271395808805373349390841442452501841429414066671075439903252153533351134466583286343964384830014144585993367907552012116727878831457389325286695875659473413745032854718946088847664009392381092
3.05589375718792340152417308545073062776943900574658611146231617681917938699283972900213923864919297622938832427540718274764963844377411426911356515207484809447748388965475702458763613200504864586835285360329754248616232033653383474636450091220918521246300498722192455266972748927811957042207435651129410217227295038411953561257043437280241096464835277739441284109801440113897252610368504660145011942086639981070146949518481711806534329810137492257928176596335773780124173035891918266260773611897531407542139404555450206280360711591680672868972514057545782104179849676894907241068029178397469144205475198450493226660474
0.0239759303751886020239490460412897380907762577657852139636061907757401178357995087940056225414707909820067813400414633351935286339257828611785619685431600275394298703663718535541050162845330977087721485488347968081841587920344317261305475681683178764981225294182692113280585251925427657808994908596213655992561202413206423184606388182164283205286910265701464998375124754691933467497903288986246556216453752606482405395731290262666044744406107812141733321716367588052159855985304748836757926667141033076308016154382250981029414667553381596870910090381840547067810621069858442650061187928764678629859588541492430648611848
-0.0378937118486841359402699816860448488866928446764437105544705985557189355406412590882872517774462298764918312891925978776569556000270356148414391823329861262842648547402365181674756800018821496495019186303012025265095194253081055547510602438181225359133173131129110430493327418517881542650704368558429407390305027917296800543983013256429816186532804485801145534906452717679036892831380542758108917155857851815166089669916129131676125064552586142223828144640900494763923240571074774079760957901456441761588188951290868772658341005327377964171029160229696790691567632663726674056863877219019743163869025606415786305738682
0.255520091096919432846922956514951131937288256105880399568760165180316288205919708461669541179909570359057038851156924651757613839580673568169243478601845686465863993002651492876815489271144356083239358068388863043918094742375189311646335157403617118830748986864894966725824258269438647673496481083068612119363864414588867143928526527407847408752369525211924732238720048833803019510748138338212412903592846052124607705559262462321597649881584293722816817121162766404431142833297423459435321545644834806410516853128551508731100678567763653454766532925963709784388032930938326237679446038908552902796656350434308292889112
0.264414553742512878676512660774887118845232699588902076131387840817304002578539214040595268610537334187913866406104840316725931959783503506216019426247103016170347182669009628972934283376759409790502521499142944578862336156120306783801521364668199074104356170162134145166931533091416260427772835367654022485042587106817572483028192472641879432259077847736550112097147706685542871908107109575811644702390478284856394544858781325926201417211165862402388961844930614645977072523173466004604907777800412142071882174258051085858880892408116765372247591112126711080592076961664651879987751229294831163793398662151179363817414
0.386855442036531045828483776014277765212092375010697313582808383424722680151366761187066553612934899030730576495422675357613410853606557981502243140558270268693399729612527412898910161991334520936428057562356462317009336073203976257312303283011751166461385269402162906183377890209229524425447988396993190500897198619006813723004169983445190122920423993211495972315335422941505766507662970351863781502002629862421651077425566109238972437789625151272713717299213907172249163833899317472818029897727067069921921321347599393223047968600188304546048386803002148344407758762978548649308718309159505740076821200967459829512498
0.107127694597532176564401542340639094801303256205178707307908018357635846769016066604950265832593635316783568196466694216366470313130517697775371168382607127415224079089676129864710729078110765130559832951578135778535593661574201475860352870566237300018704357265449813645140535089160955957453641148505750034470732409995784385976773523931636334192718055849997237001929617837858684606829507111298396985954455721465715099574873989414236527132272525610289986027146002448518959268206795587442043902259226850123696930956659791349863094201330913356949396143693055152987832503805296373704353351662616646734067492939388079493689

