0 128 -297 -385
0.3599505558120299478604115019933998470114
0.397541579836841718292533610707267804065
0.7976967261048638553445168868260171244005
0.2250896740025071407974797096692655600511
0.9036554297868329782345431226639547004649
0.4628355719934677973424385523634844432811
0.6533358770893070431176260149062326876544
0.583395140258511805888247993049783428231
0.8349135190630383848945283758625369893854
0.860441270994806287309069593996077566082
0.2319627899152592321799688378003585915929
0.08791296526169269662662229927797595160852
0.916579900486118263662753623546935548395
0.5395818293603016203910763213142933878915
0.690765257576147558181092332428188374142
0.8413875227944392090313382586974601156777
0.05821062920862346889422437950958183450018
0.0002087106052328091727179943075533555309522
0.3735643526911393353957874654619918575984
0.2675216332162119901578957570337654799292
0.103155199103618904856907935324595857919

2027 128 6283 3019
0.2768842785338038675814815566142771850785
0.2767430688678011804628641009771582855375
-0.0005311928332459854778287888167429622470994
0.09535687519810945886391341694028036829734
-4.783265642477013274859900435789800478616
5.094044204144092526307282506349319766225
1.096614041677196122828018804168855967352
-4.734983965084262313633354303508608962576
0.4351146810511506584488443880826626862726
4.231453408024637442880433665481715972562
0.8858259103202047498547509350133107583988
-1.478936273354770536881637007300366746511
-1.912909651592052454302158852855820554124
3.48479901294294281849354375955058509533
0.02122100168367542283550116559148294151466
0.126263006135593683984343603874050109832
-0.5366187582421833851430751832189133740311
0.5377575023515529294490909194344745581269
0.5859357548362983547721660289961236213351
-0.8718822289908689167491090075448373819565
1.15854472390960733368658363845909900002

2027 256 6140 2913
0.2768842785338038675814815566142771850785000000000000000000000000000000000355685
0.2767430688678011804628641009771582855374999999999999999999999999999999999535727
-0.0005311928332459854778287888167429622470993999999999999999999999999999999999993343
0.09535687519810945886391341694028036829733999999999999999999999999999999999592344
-4.783265642477013274859900435789800478616000000000000000000000000000000000594141
5.094044204144092526307282506349319766225000000000000000000000000000000000187138
1.096614041677196122828018804168855967352000000000000000000000000000000000237088
-4.734983965084262313633354303508608962575999999999999999999999999999999998929787
0.4351146810511506584488443880826626862725999999999999999999999999999999999813922
4.231453408024637442880433665481715972561999999999999999999999999999999999903838
0.8858259103202047498547509350133107583987999999999999999999999999999999998917164
-1.478936273354770536881637007300366746510999999999999999999999999999999999033529
-1.912909651592052454302158852855820554124000000000000000000000000000000000187333
3.48479901294294281849354375955058509533000000000000000000000000000000000018796
0.0212210016836754228355011655914829415146599999999999999999999999999999999859878
0.1262630061355936839843436038740501098319999999999999999999999999999999999928763
-0.5366187582421833851430751832189133740310999999999999999999999999999999999780066
0.5377575023515529294490909194344745581268999999999999999999999999999999999270689
0.58593575483629835477216602899612362133509999999999999999999999999999999995695
-0.8718822289908689167491090075448373819565000000000000000000000000000000000449034
1.158544723909607333686583638459099000019999999999999999999999999999999999761476

2050 256 12762 6288
0.27688427853380386758148155661453373671630522108524497311189708937874841326339
0.276743068867801180462864100977285819043727584059600989447099914790608084249783
-0.0005311928332459854778287888165550625580772419195618535457711670820524408909032605
0.09535687519810945886391341694260188323712776323913867993128989219911536184286405
-4.783265642477013274859900435820329600190749473954117671304826734136283401370844
5.094044204144092526307282506378066161163460466300010214842396652234326135327995
1.096614041677196122828018804177082140362290927450383171686733286951373005947959
-4.734983965084262313633354303485324455534009551177506631255551479658420300803557
0.4351146810511506584488443880177836647394542407185441577724358199472159306377455
4.231453408024637442880433665519241160501506142982850470564028197303757315610844
0.8858259103202047498547509349988342804926704462871413110626352022351914621334033
-1.478936273354770536881637007332369493562038944715393796218770243731633750624732
-1.9129096515920524543021588527706814587571394711212093839598471155894809067738
3.4847990129429428184935437595109386506181005419004814806877180273913916656719
0.02122100168367542283550116559327802120840742764898038842826413086704868588702958
0.1262630061355936839843436038749220357297935946667796598398415165829090691938941
-0.536618758242183385143075183183915983226418130766459685590092858291786798995101
0.5377575023515529294490909193960703857276275540169504531731965766999185024850935
0.585935754836298354772166029000430177621516312796021287048656151940210440907622
-0.8718822289908689167491090074280419621700879207038044730283161765937506765363179
1.158544723909607333686583638340535346317568589990512758556714789672588503674679

2050 512 12584 6135
0.276884278533803867581481556614533736716305221085244973111897089378748413263389999999999999999999999999999999999999999999999999999999999999999999999812228731
0.276743068867801180462864100977285819043727584059600989447099914790608084249782999999999999999999999999999999999999999999999999999999999999999999918116855995
-0.000531192833245985477828788816555062558077241919561853545771167082052440890903260500000000000000000000000000000000000000000000000000000000000000000008058092567
0.0953568751981094588639134169426018832371277632391386799312898921991153618428640499999999999999999999999999999999999999999999999999999999999999999945118313334
-4.78326564247701327485990043582032960019074947395411767130482673413628340137084399999999999999999999999999999999999999999999999999999999999999999988337219867
5.09404420414409252630728250637806616116346046630001021484239665223432613532799500000000000000000000000000000000000000000000000000000000000000000007096820148
1.09661404167719612282801880417708214036229092745038317168673328695137300594795899999999999999999999999999999999999999999999999999999999999999999903846370243
-4.73498396508426231363335430348532445553400955117750663125555147965842030080355700000000000000000000000000000000000000000000000000000000000000000039636290907
0.435114681051150658448844388017783664739454240718544157772435819947215930637745500000000000000000000000000000000000000000000000000000000000000000003566245736
4.23145340802463744288043366551924116050150614298285047056402819730375731561084400000000000000000000000000000000000000000000000000000000000000000003702222095
0.885825910320204749854750934998834280492670446287141311062635202235191462133403299999999999999999999999999999999999999999999999999999999999999999996690669864
-1.47893627335477053688163700733236949356203894471539379621877024373163375062473199999999999999999999999999999999999999999999999999999999999999999984345263232
-1.91290965159205245430215885277068145875713947112120938395984711558948090677379999999999999999999999999999999999999999999999999999999999999999999900867444506
3.48479901294294281849354375951093865061810054190048148068771802739139166567189999999999999999999999999999999999999999999999999999999999999999999985030165729
0.0212210016836754228355011655932780212084074276489803884282641308670486858870295800000000000000000000000000000000000000000000000000000000000000000002973840963
0.126263006135593683984343603874922035729793594666779659839841516582909069193894099999999999999999999999999999999999999999999999999999999999999999927467942728
-0.536618758242183385143075183183915983226418130766459685590092858291786798995101000000000000000000000000000000000000000000000000000000000000000000000053750489
0.537757502351552929449090919396070385727627554016950453173196576699918502485093499999999999999999999999999999999999999999999999999999999999999999962984005709
0.585935754836298354772166029000430177621516312796021287048656151940210440907621999999999999999999999999999999999999999999999999999999999999999999991199659375
-0.871882228990868916749109007428041962170087920703804473028316176593750676536317899999999999999999999999999999999999999999999999999999999999999999974616569091
1.15854472390960733368658363834053534631756858999051275855671478967258850367467900000000000000000000000000000000000000000000000000000000000000000000005687503

2075 512 25746 12761
0.276884278533803867581481556614533736716305221085244973111897084413437471454275102838678180981015484685607415110634702415111256410555413736635058560151632377
0.276743068867801180462864100977285819043727584059600989447099909952822870699190355991431546924086879979201547610224930782504285537046724068510887777347646694
-0.000531192833245985477828788816555062558077241919561853545771167058533986345655625745510733709296023190087261870552630713781267101319699491707649384713002066135
0.0953568751981094588639134169426018832371277632391386799312898932931229695234860447258462049506338021831695691842836777649356023883938198756140946574393977915
-4.78326564247701327485990043582032960019074947395411767130482666337506020590173090764899503443677778708712832260548189754969532972621116366937250439721832697
5.09404420414409252630728250637806616116346046630001021484239657589238475688957049704763020704260412709664093625169499342400658249362522356627381673602000713
1.09661404167719612282801880417708214036229092745038317168673326796355605119061088098561409299706581857776198168399087620572762075864333434111777372651670042
-4.73498396508426231363335430348532445553400955117750663125555153652289268637841544699990830801015534196039515934787281205369050635428670626899060193402469661
0.435114681051150658448844388017783664739454240718544157772435981864463509064783455117748668492271728124718763139828602583659969930866579035275920920332170199
4.23145340802463744288043366551924116050150614298285047056402810217095026834856749746828769373540345273156647964076976805971744376978937665182390999142061802
0.885825910320204749854750934998834280492670446287141311062635237185015378462463185214116821575275511472531588318486800349619098241531044810721877259331573806
-1.47893627335477053688163700733236949356203894471539379621877016510217256320854785176916598435029693480195380783142970541205405886391737381562941440468485389
-1.91290965159205245430215885277068145875713947112120938395984732765492989802736473790433341178491458316915469397022429051054096000782687584731414832067655079
3.48479901294294281849354375951093865061810054190048148068771812909970546859587136354300217304062804422303462087084947715230352080235077235611733113530680312
0.021221001683675422835501165593278021208407427648980388428264126472381614177578040916380401519307962275542292612317718420672399769605809727366263692849427132
0.126263006135593683984343603874922035729793594666779659839841514634259371346938025851747706263669743469405330135661842026968401933822198501914100953895737678
-0.536618758242183385143075183183915983226418130766459685590092950795902755276470397791678112846363109932682700706404076227941564606419686040263957837497188644
0.5377575023515529294490909193960703857276275540169504531731966664159313915456359429148548559250003914699342957883828815211108580480162085234077347023305139
0.585935754836298354772166029000430177621516312796021287048656151833549534644601201503399351590316976625011561856295757933543378283911962858438768503919724461
-0.871882228990868916749109007428041962170087920703804473028316464996499820254261346375522665644196480407373741972901306048450416671187124516522725378566281882
1.15854472390960733368658363834053534631756858999051275855671508290866227799355657389719886471157247877570525489896490079476934301171766986097592418311403461

2076 512 25749 12768
0.276884278533803867581481556614533736716305221085244973111897084413437471454275102838678180981015484685607415110634702415111256410555589841726492766843007326
0.276743068867801180462864100977285819043727584059600989447099909952822870699190355991431546924086879979201547610224930782504285537046724068510887777347646694
-0.000531192833245985477828788816555062558077241919561853545771167058533986345655625745510733709296023190087261870552630713781267101319751772906668914824504004145
0.0953568751981094588639134169426018832371277632391386799312898932931229695234860447258462049506338021831695691842836777649356023883945242959798314842048975879
-4.78326564247701327485990043582032960019074947395411767130482666337506020590173090764899503443677778708712832260548189754969532972621116366937250439721832697
5.09404420414409252630728250637806616116346046630001021484239657589238475688957049704763020704260412709664093625169499342400658249362522356627381673602000713
1.09661404167719612282801880417708214036229092745038317168673326796355605119061088098561409299706581857776198168399087620572762075864042860710910931610901376
-4.73498396508426231363335430348532445553400955117750663125555153652289268637841544699990830801015534196039515934787281205369050635428952395045354924108669579
0.435114681051150658448844388017783664739454240718544157772435981864463509064783455117748668492271728124718763139828602583659969930863056933447236786504671217
4.23145340802463744288043366551924116050150614298285047056402810217095026834856749746828769373540345273156647964076976805971744376978937665182390999142061802
0.885825910320204749854750934998834280492670446287141311062635237185015378462463185214116821575275511472531588318486800349619098241534566912550561393159072788
-1.47893627335477053688163700733236949356203894471539379621877016510217256320854785176916598435029693480195380783142970541205405886391737381562941440468485389
-1.91290965159205245430215885277068145875713947112120938395984732765492989802736473790433341178491458316915469397022429051054096000782264932511972736008355201
3.48479901294294281849354375951093865061810054190048148068771812909970546859587136354300217304062804422303462087084947715230352080235077235611733113530680312
0.0212210016836754228355011655932780212084074276489803884282641264723816141775780409163804015193079622755422926123177184206723997696113621970752918151518994038
0.126263006135593683984343603874922035729793594666779659839841514634259371346938025851747706263669743469405330135661842026968401933822198501914100953895737678
-0.536618758242183385143075183183915983226418130766459685590092950795902755276470397791678112846363109932682700706404076227941564606419686040263957837497188644
0.5377575023515529294490909193960703857276275540169504531731966664159313915456359429148548559250003914699342957883828815211108580480162085234077347023305139
0.585935754836298354772166029000430177621516312796021287048656151833549534644601201503399351590316976625011561856295757933543378283911962858438768503919724461
-0.871882228990868916749109007428041962170087920703804473028316464996499820254261346375522665644196480407373741972901306048450416671187124516522725378566281882
1.15854472390960733368658363834053534631756858999051275855671508290866227799355657389719886471157247877570525489896490079476934301172048754243887149017603379

2076 2048 25669 12711
0.276884278533803867581481556614533736716305221085244973111897084413437471454275102838678180981015484685607415110634702415111256410555589841726492766843007325999999999999999999999999999999999999999999999999999999999999999999999999999999999999999999999999999999999999999999999999999999999999999999999999999999999999999999999999999999999999999999999999999999999999999999999999999999999999999999999999999999999999999999999999999999999999999999999999999999999999999999999999999999999999999999999999999999999999999999999999999999999999999999999999999999999999999999999999999999999999999999999999999999999999999999999999999996
0.276743068867801180462864100977285819043727584059600989447099909952822870699190355991431546924086879979201547610224930782504285537046724068510887777347646693999999999999999999999999999999999999999999999999999999999999999999999999999999999999999999999999999999999999999999999999999999999999999999999999999999999999999999999999999999999999999999999999999999999999999999999999999999999999999999999999999999999999999999999999999999999999999999999999999999999999999999999999999999999999999999999999999999999999999999999999999999999999999999999999999999999999999999999999999999999999999999999999999999999999999999999999999999
-0.000531192833245985477828788816555062558077241919561853545771167058533986345655625745510733709296023190087261870552630713781267101319751772906668914824504004145000000000000000000000000000000000000000000000000000000000000000000000000000000000000000000000000000000000000000000000000000000000000000000000000000000000000000000000000000000000000000000000000000000000000000000000000000000000000000000000000000000000000000000000000000000000000000000000000000000000000000000000000000000000000000000000000000000000000000000000000000000000000000000000000000000000000000000000000000000000000000000000000000000000000000000000000000013
0.0953568751981094588639134169426018832371277632391386799312898932931229695234860447258462049506338021831695691842836777649356023883945242959798314842048975879000000000000000000000000000000000000000000000000000000000000000000000000000000000000000000000000000000000000000000000000000000000000000000000000000000000000000000000000000000000000000000000000000000000000000000000000000000000000000000000000000000000000000000000000000000000000000000000000000000000000000000000000000000000000000000000000000000000000000000000000000000000000000000000000000000000000000000000000000000000000000000000000000000000000000000000000000012
-4.78326564247701327485990043582032960019074947395411767130482666337506020590173090764899503443677778708712832260548189754969532972621116366937250439721832696999999999999999999999999999999999999999999999999999999999999999999999999999999999999999999999999999999999999999999999999999999999999999999999999999999999999999999999999999999999999999999999999999999999999999999999999999999999999999999999999999999999999999999999999999999999999999999999999999999999999999999999999999999999999999999999999999999999999999999999999999999999999999999999999999999999999999999999999999999999999999999999999999999999999999999999999999998
5.09404420414409252630728250637806616116346046630001021484239657589238475688957049704763020704260412709664093625169499342400658249362522356627381673602000713000000000000000000000000000000000000000000000000000000000000000000000000000000000000000000000000000000000000000000000000000000000000000000000000000000000000000000000000000000000000000000000000000000000000000000000000000000000000000000000000000000000000000000000000000000000000000000000000000000000000000000000000000000000000000000000000000000000000000000000000000000000000000000000000000000000000000000000000000000000000000000000000000000000000000000000000000007
1.09661404167719612282801880417708214036229092745038317168673326796355605119061088098561409299706581857776198168399087620572762075864042860710910931610901376
-4.73498396508426231363335430348532445553400955117750663125555153652289268637841544699990830801015534196039515934787281205369050635428952395045354924108669579000000000000000000000000000000000000000000000000000000000000000000000000000000000000000000000000000000000000000000000000000000000000000000000000000000000000000000000000000000000000000000000000000000000000000000000000000000000000000000000000000000000000000000000000000000000000000000000000000000000000000000000000000000000000000000000000000000000000000000000000000000000000000000000000000000000000000000000000000000000000000000000000000000000000000000000000000007
0.435114681051150658448844388017783664739454240718544157772435981864463509064783455117748668492271728124718763139828602583659969930863056933447236786504671216999999999999999999999999999999999999999999999999999999999999999999999999999999999999999999999999999999999999999999999999999999999999999999999999999999999999999999999999999999999999999999999999999999999999999999999999999999999999999999999999999999999999999999999999999999999999999999999999999999999999999999999999999999999999999999999999999999999999999999999999999999999999999999999999999999999999999999999999999999999999999999999999999999999999999999999999999994
4.23145340802463744288043366551924116050150614298285047056402810217095026834856749746828769373540345273156647964076976805971744376978937665182390999142061802000000000000000000000000000000000000000000000000000000000000000000000000000000000000000000000000000000000000000000000000000000000000000000000000000000000000000000000000000000000000000000000000000000000000000000000000000000000000000000000000000000000000000000000000000000000000000000000000000000000000000000000000000000000000000000000000000000000000000000000000000000000000000000000000000000000000000000000000000000000000000000000000000000000000000000000000000006
0.885825910320204749854750934998834280492670446287141311062635237185015378462463185214116821575275511472531588318486800349619098241534566912550561393159072787999999999999999999999999999999999999999999999999999999999999999999999999999999999999999999999999999999999999999999999999999999999999999999999999999999999999999999999999999999999999999999999999999999999999999999999999999999999999999999999999999999999999999999999999999999999999999999999999999999999999999999999999999999999999999999999999999999999999999999999999999999999999999999999999999999999999999999999999999999999999999999999999999999999999999999999999999991
-1.47893627335477053688163700733236949356203894471539379621877016510217256320854785176916598435029693480195380783142970541205405886391737381562941440468485389
-1.91290965159205245430215885277068145875713947112120938395984732765492989802736473790433341178491458316915469397022429051054096000782264932511972736008355200999999999999999999999999999999999999999999999999999999999999999999999999999999999999999999999999999999999999999999999999999999999999999999999999999999999999999999999999999999999999999999999999999999999999999999999999999999999999999999999999999999999999999999999999999999999999999999999999999999999999999999999999999999999999999999999999999999999999999999999999999999999999999999999999999999999999999999999999999999999999999999999999999999999999999999999999999999
3.48479901294294281849354375951093865061810054190048148068771812909970546859587136354300217304062804422303462087084947715230352080235077235611733113530680312000000000000000000000000000000000000000000000000000000000000000000000000000000000000000000000000000000000000000000000000000000000000000000000000000000000000000000000000000000000000000000000000000000000000000000000000000000000000000000000000000000000000000000000000000000000000000000000000000000000000000000000000000000000000000000000000000000000000000000000000000000000000000000000000000000000000000000000000000000000000000000000000000000000000000000000000000006
0.0212210016836754228355011655932780212084074276489803884282641264723816141775780409163804015193079622755422926123177184206723997696113621970752918151518994038000000000000000000000000000000000000000000000000000000000000000000000000000000000000000000000000000000000000000000000000000000000000000000000000000000000000000000000000000000000000000000000000000000000000000000000000000000000000000000000000000000000000000000000000000000000000000000000000000000000000000000000000000000000000000000000000000000000000000000000000000000000000000000000000000000000000000000000000000000000000000000000000000000000000000000000000000002
0.126263006135593683984343603874922035729793594666779659839841514634259371346938025851747706263669743469405330135661842026968401933822198501914100953895737678000000000000000000000000000000000000000000000000000000000000000000000000000000000000000000000000000000000000000000000000000000000000000000000000000000000000000000000000000000000000000000000000000000000000000000000000000000000000000000000000000000000000000000000000000000000000000000000000000000000000000000000000000000000000000000000000000000000000000000000000000000000000000000000000000000000000000000000000000000000000000000000000000000000000000000000000000001
-0.536618758242183385143075183183915983226418130766459685590092950795902755276470397791678112846363109932682700706404076227941564606419686040263957837497188644000000000000000000000000000000000000000000000000000000000000000000000000000000000000000000000000000000000000000000000000000000000000000000000000000000000000000000000000000000000000000000000000000000000000000000000000000000000000000000000000000000000000000000000000000000000000000000000000000000000000000000000000000000000000000000000000000000000000000000000000000000000000000000000000000000000000000000000000000000000000000000000000000000000000000000000000000001
0.537757502351552929449090919396070385727627554016950453173196666415931391545635942914854855925000391469934295788382881521110858048016208523407734702330513900000000000000000000000000000000000000000000000000000000000000000000000000000000000000000000000000000000000000000000000000000000000000000000000000000000000000000000000000000000000000000000000000000000000000000000000000000000000000000000000000000000000000000000000000000000000000000000000000000000000000000000000000000000000000000000000000000000000000000000000000000000000000000000000000000000000000000000000000000000000000000000000000000000000000000000000000000008
0.585935754836298354772166029000430177621516312796021287048656151833549534644601201503399351590316976625011561856295757933543378283911962858438768503919724461000000000000000000000000000000000000000000000000000000000000000000000000000000000000000000000000000000000000000000000000000000000000000000000000000000000000000000000000000000000000000000000000000000000000000000000000000000000000000000000000000000000000000000000000000000000000000000000000000000000000000000000000000000000000000000000000000000000000000000000000000000000000000000000000000000000000000000000000000000000000000000000000000000000000000000000000000005
-0.871882228990868916749109007428041962170087920703804473028316464996499820254261346375522665644196480407373741972901306048450416671187124516522725378566281882000000000000000000000000000000000000000000000000000000000000000000000000000000000000000000000000000000000000000000000000000000000000000000000000000000000000000000000000000000000000000000000000000000000000000000000000000000000000000000000000000000000000000000000000000000000000000000000000000000000000000000000000000000000000000000000000000000000000000000000000000000000000000000000000000000000000000000000000000000000000000000000000000000000000000000000000000005
1.15854472390960733368658363834053534631756858999051275855671508290866227799355657389719886471157247877570525489896490079476934301172048754243887149017603378999999999999999999999999999999999999999999999999999999999999999999999999999999999999999999999999999999999999999999999999999999999999999999999999999999999999999999999999999999999999999999999999999999999999999999999999999999999999999999999999999999999999999999999999999999999999999999999999999999999999999999999999999999999999999999999999999999999999999999999999999999999999999999999999999999999999999999999999999999999999999999999999999999999999999999999999999998

2096 2048 123200 61488
0.276884278533803867581481556614533736716305221085244973111897084413437471454275102838678180981015484685607415110634702415111256536305184915765773719698451324071717684319875125572650848458804729979816224352264648567313284963441471707156258435462067652020157380509363615106510378315388849841531050481278577372717539231004030158682832266785205976044140246857258630996535910815113829204295588460296433328209832614338908814100564454284307928851954247173706595328534565214313648015327646915835215769247621927255332146121808673692513708114349337638556764402139707063733254965120730244127333554875115171377223328774203147849768
0.276743068867801180462864100977285819043727584059600989447099909952822870699190355991431546924086879979201547610224930782504285662767056111798738349150709606824668652900269934146407483569284597515450877472578655413437738513309122412708120413050922698089963700952259483945533706048991176622347511665424141113879777761766019878558377913914348122263142927781014516405567918751799233906243260356211202322875750137243487246323879851566264781751331053981317750327849918099010712848730723891316546770468236156023717267919771277091772593650466908001367530697169478621223848898693893039280610639285828149842739901383668052996951
-0.00053119283324598547782878881655506255807724191956185354577116705853398634565562574551073370929602319008726187055263071378126710755604495958947919358454767314809283159013940041299894278689581627687793961530897061981000989160075915467249501206337630325521520300916441222671325832140780509697784175803724597846550307078610821604988234980132742758485319423974458725605844525161555341876848670630125510358416505849466317208195315747685308019370429030754336078058078193398076483329107845753770665733057235018401038556779560987853377638017775829673672614823172896728623968649236990767894760815806936113675072399047651583006374
0.095356875198109458863913416942601883237127763239138679931289893293122969523486044725846204950633802183169569184283677764935602252562517154261859645893512128208055783058275578906742214022502404044782388388519342439358433853346457319056977724303604994362103944121400830571245166060937351389690517097627841766703802125496657242195889016048640322484289061307221312900321855480619667411271530349737995632880516525189444842857452199024019985049824152152836580311682194514348315790871292892302341944793997629153848891578546755902839004984242080197906526725373729569261057509227875010597961824003890326496134900369064627259397
-4.78326564247701327485990043582032960019074947395411767130482666337506020590173090764899503443677778708712832260548189754969533057474360990927378404923430050953572173325919597290582275208552321340489790054681811069975801704729895290553448293215691771425488353411992139995785288384159122780637479040351043796703740701824874878964203976515744753205124818904625172686651080749561004696399388022167013119923278861599733040106844040605287025821328835261017995265390672658786893900202936383025762030875929276467554283527267312936234244437696917922794406642497652722347318469443489158247299041513120963635156669988141310733573
5.09404420414409252630728250637806616116346046630001021484239657589238475688957049704763020704260412709664093625169499342400658359279388371953658584000021601680920249080590352204651730536338254563110702644886686835351336918885359472202296152251222531397275641132224667277627535678577164046207448861271383123762867092182743847261215478059091159428145086571561978359833508672110023599765553739871151320139223554734362196823773924962595515443392821278869899846371210371038178840086114329204265412128084936418462662951874405524783373210904838159510530676817213017723426586864914643338236053919794462848295382012519589740028
1.09661404167719612282801880417708214036229092745038317168673326796355605119061088098561409299706581857776198168399087620572762100533816433170495864786148162840916072726784537447732763026951520487634840215848949120515956157627253728494373344257137947760033374484736072235629014769802538774581950799980977765257506380075817860037691966670527923378384802561211600352152687960924461457986012418150421723441744071685132305344260942664301583688671311864359493918710780763999258305533541727821564249740566568214386174968040896614277170782368404708876033315910293598003505816720440949302539766012156459751653422748514317546368
-4.73498396508426231363335430348532445553400955117750663125555153652289268637841544699990830801015534196039515934787281205369050558444726470838643843854832505140546606171958276820679793318671036848618154222480319282975280531655970918825406064326226389245329597283500662773813831554116462822776851683067084152624273053997819755341910490019430300776112022469279848815530701973665452304970073819873521087223655010434173916574516134284860547907187161671959458981915618228207055180449964074652858995622640202491754487078263606399141049570069980961494079251805637642174472525388244415656008337144834835284839701823179216951806
0.435114681051150658448844388017783664739454240718544157772435981864463509064783455117748668492271728124718763139828602583659967804167134302322701200573904114996236803206062033119636667524333749780477134959732926910088530602958583420771340479244819390172076771996549811801978799213760910587109046408983063572726549112545274560693561085334317475064687319022613517124687317416346470015428076874959271454768550566891921791383797818765539363060309865848661556175138343903234063194816560933452766265936951118425717954599100524967493917336781629681624644047993371997590990988340875775099031512282987245276125476148751295772391
4.23145340802463744288043366551924116050150614298285047056402810217095026834856749746828769373540345273156647964076976805971744504619977109589653720156368187890047752718827975253832785905517093081212007972661159835396638081154381091950346016904191825837644459808860519579068305585866616891308245641544246212667097977422959978063224394554553241123272472956199202338457250321459389667189490632671755237970851078151444403293424442220390785319176382568200323520928712481061900616189986652048233346498871255321533532335955845652806972407255820961398160653598832337914173135268021346463532253834581187752976417552255590028782
0.885825910320204749854750934998834280492670446287141311062635237185015378462463185214116821575275511472531588318486800349619097803987333536668826538111024318965417825953272092900418713113984550139680181875048211337646049252243264167115793078268338581300995535453305974739949962443362526767861147687293759229937216594574025110510869153906728322915986221553675924117808671471704433192640887739150880519186922317959114561695812416999138413655062176331160320733001739813296751714396893282873227612716250904811357163252854321152819130868519406132144326050997444033363565167748176478365041594761282577838765843727138894246064
-1.47893627335477053688163700733236949356203894471539379621877016510217256320854785176916598435029693480195380783142970541205405989625153875111568723704744107443405726137484964386732193945949032616488343241700771225930477187325070180774709531349235065651404581486397203384349081511804996312533061537908148818314821711624388826387990956449349316218127762728101785434933285452725023206306360752612431588320915550806219854971984033180938979472813453946762659973309485497542391519727354852310314955458309561125627162709344079006123507870088052891925277175313106691832094477993869633261901095915737318723175104412895107532154
-1.91290965159205245430215885277068145875713947112120938395984732765492989802736473790433341178491458316915469397022429051054095719149952206669841238596602750928303717262700101583866708070705543062664425381282832783068332516477245348098552423568685149117357970629669939143859475682363075927486001343645550394312306183477658143730972562618013535806554009822736849628090531637865013619486008078144023276838429346842792578187636999482402007116011983795545353394159832495955670766303548359267280138364937780583230968107108496076495683783224690591422205082388270076719183949422054426264633517635839947882065358376315679759894
3.48479901294294281849354375951093865061810054190048148068771812909970546859587136354300217304062804422303462087084947715230351946094113070154051718109008076786607729672772968343976753979402864435485414555452565468017566076331546897366445387451937110455492642241569691961587831097071914798944464866450044160785318864654973361184259795432447082920692832272622850533700545029341763939038452947271625512987398955719803331967677365789495805353019126462177776599328955432733139738741293554391001768307433560621043090448432855207576371347772902561733772204047327040135220259182757785600050661458821814143003818608529891047332
0.021221001683675422835501165593278021208407427648980388428264126472381614177578040916380401519307962275542292612317718420672399822822596579604755903812363496885599311320848883365802767258532562296993358800262174072166387022464422147952372596391492461831703563291668530926257298527599047642884832463742791288480873709896710978836168082442429368123903181228481921175424049140778295674898271095697413002532537101332976450223624251739313398703000936470142046948401885794352473758499203288992705642441886906066793240427342877597609072186879003083992774485543053250797016514583486260899797926166271946783600598079670068200764
0.126263006135593683984343603874922035729793594666779659839841514634259371346938025851747706263669743469405330135661842026968401937597054584294277132244902276957814148244753920307768362049272335183324548669029835698185221422348063544223234069752495196064769312710627398601456243704803595063123086439365248502390046626873094729539809445912462627890648190328552760270547178030065583358908728877849786394068989902950860414342827378164438733866997338875262264437056487294432157267357258391214203466234229146311906575986555809634085038500950159371747560109723962243994783311467107318865908938742975908753394192529099372291978
-0.53661875824218338514307518318391598322641813076645968559009295079590275527647039779167811284636310993268270070640407622794156327388765318555322486831104038814081308509260129045020663011930249024390427505856490418823442505770290655846509657176724881337130041915805391012477614657466198967319920853354743590375163808463900549827425329649441907161144743683270340630451706224492871590193989145308853658392882753765253308906307687950820399792645545383963667027311559940916745546031968178819811644916349447230998096571605740065184452012470163611201891512650934505532495210271209763322347266137187654834348591460598683632392
0.537757502351552929449090919396070385727627554016950453173196666415931391545635942914854855925000391469934295788382881521110856966819778284282381710119619779563470335587164826080795429166632659921840395761605649389636627973109139656876960768616403293740021925806106646252145489083569163997670150758158338976795465650583005853149549934506669304963788584565971463614004952527423206821225488453560845163738604372636062597019319273179176528321722556277662634889503643076791516258583610332641224678723542536460884137191050157137485413353766039450480484752842456447356413110969952929230951567648962661568314874354419608782449
0.585935754836298354772166029000430177621516312796021287048656151833549534644601201503399351590316976625011561856295757933543378129934219917853769021871980482389666321582669184505851248445371576363955451110306653516043511621392560080983947915684160426913916545454428848272816596089069728855618696481373469081099233264662191155705194618945268537966044935998535790829255028099258435698370299030834396094744939085690579445099895395507330166483977151125920964131205981983555429773886395425190350808788926150143715721891458475721793555224745660788839617826777070798252504212845256299000915140806694217467030173779727409444998
-0.871882228990868916749109007428041962170087920703804473028316464996499820254261346375522665644196480407373741972901306048450412870824613050176688382750045955191096776701655479907814223849090883483375651459292117959612845606904045209484303872005253923389165578905239164018205713896694871575838146219289055171424299634074041374086758651419494601622077306274337206530056356139475355229770153224517668332816978541585138969350588412822750495440965400644546865546839215141308281555357412843695424308551105920615347311821038419928355633851676292858890717508604038515011817589551281032440009346259801185580923918357472666688869
1.15854472390960733368658363834053534631756858999051275855671508290866227799355657389719886471157247877570525489896490079476933911036121344929948538682458380442095905637966883946360581430711680225815953097691488354398190964775718848586525768971944382004175821409213018101656353159391437333262542107393943451489119217659475513396645794854951320241304303221398059812076625972765684525320552831536117726419327271796016960195162324548000906469472380820533767236218870219569663371584983048284776180396790256000882184246803137808683614689691606935984196994576989408073306905698106211856570636043304494613567059230021311249338

