0 128 -231 -325
0.1164506068937293785526099683059692455329
0.4783605201648025602332763298342173146192
0.8834309755949771636853415757851373270759
0.3836011061441680091906686451524961992237
0.8533860423589967315450354429589254425252
0.1706494580810166839005887663557599163302
0.7213477943689887477843445122470475671499
0.1903409533254752689613012902580869640082
0.8607762348336146502246177832197501061807
0.8054222462175213724663959808712473060156
0.4562602963113033857129269097082057588396
0.01259614183683895930910410805212087331969
0.3956511853573515534461652696925017875309
0.7985612808417967527607100617425614141014
0.06976864406238049169496302595844240305376
0.9092623290058011596992221942141373350449
0.1878582698778817795480519017337606303059
0.09188617633797567982292103784915086994651
0.3393348699571241705644128698268181022015
0.1429234966394189902507451137432062372746
0.3630344143979349935258800185738930551987

12809 128 6429 3184
0.01126124810747575397838097468851400549516
-9.043013290374891702788620330817463262193
9.506431720831292102585276821338679870438
1.192608254962566377003277201736438487752
-1.02316848358540777282242039348325857291
0.1075145323527018217649854528122725911037
-0.9922342037505662352184995841814750890943
0.8829878003763011499874931854629167907977
0.1217383080871013204971378862721310889395
0.7143859914517940813548959559272530195359
-0.5845439149425442648227504995298773716587
1.236322050490793145572122353187564829497
-1.333201097032528498367468551437690454879
0.2630968256576641124656133023640645672446
1.418326135826615505152483395417791944775
0.2146742855782196888617077540206624840541
-0.1434662133900266807745358941200217535562
-0.01662072988945013946332110093629088138788
0.4444628517653829094136008245143324394918
0.4200602689669699928815385279194139010622
0.08088953696890422908100988860190279922276

12809 256 6379 3108
0.01126124810747575397838097468851400549516000000000000000000000000000000000001284
-9.043013290374891702788620330817463262193000000000000000000000000000000000047313
9.506431720831292102585276821338679870438000000000000000000000000000000000042684
1.192608254962566377003277201736438487752000000000000000000000000000000000000233
-1.023168483585407772822420393483258572909999999999999999999999999999999999953276
0.107514532352701821764985452812272591103699999999999999999999999999999999999809
-0.9922342037505662352184995841814750890943000000000000000000000000000000000880449
0.882987800376301149987493185462916790797699999999999999999999999999999999984722
0.1217383080871013204971378862721310889395000000000000000000000000000000000670048
0.7143859914517940813548959559272530195359000000000000000000000000000000000490809
-0.5845439149425442648227504995298773716586999999999999999999999999999999999449331
1.236322050490793145572122353187564829496999999999999999999999999999999999459659
-1.333201097032528498367468551437690454878999999999999999999999999999999999929115
0.2630968256576641124656133023640645672446000000000000000000000000000000000105762
1.418326135826615505152483395417791944775000000000000000000000000000000000258833
0.2146742855782196888617077540206624840541000000000000000000000000000000000235163
-0.1434662133900266807745358941200217535562000000000000000000000000000000000074727
-0.01662072988945013946332110093629088138788000000000000000000000000000000000802178
0.4444628517653829094136008245143324394918000000000000000000000000000000000010614
0.4200602689669699928815385279194139010622000000000000000000000000000000000559786
0.08088953696890422908100988860190279922276000000000000000000000000000000000000074

12829 256 12861 6403
0.01126124810747575397838097462957609055213851147595086707700118503934257635994112
-9.043013290374891702788620331652592716370940018037408594344708258093805929571113
9.506431720831292102585276820949177925482924583979852688983278303312504472041721
1.19260825496256637700327720481407306092427617969380736236361870802649105097494
-1.023168483585407772822420396252930069333174766283469797684695328802844270761658
0.107514532352701821764985453811233861610562284413283095480658988226305337203651
-0.9922342037505662352184995804754240005804941296574307472634654536098823828181426
0.8829878003763011499874931798520709109881710285188274993173449307596568186883604
0.1217383080871013204971378841939896621454420555947892613252780406612270204817566
0.714385991451794081354895961703408998134937263833574919447905565502361391473379
-0.5845439149425442648227504933865754207425786670612958834794548879366106436424688
1.236322050490793145572122356792661942192283716156568808535995834926533964454852
-1.33320109703252849836746855924029715365061647351981902678290915972296485905512
0.263096825657664112465613301174310147782417027516093564140719336185908744707011
1.418326135826615505152483394659900484418494396908452537585648879731115353285809
0.214674285578219688861707761025707959986395937198430029014491726844457604649376
-0.1434662133900266807745359010421313700181550069124622560552816362313001433187536
-0.01662072988945013946332110082741096036397406107683827978285927330428213626926397
0.4444628517653829094136008266919435758688548898808835103894688175108322827408672
0.4200602689669699928815385263412973645056310543984232426828472909404963905167094
0.08088953696890422908100988781059343002124718651156375375133307423383808930152319

12829 512 12882 6352
0.011261248107475753978380974629576090552138511475950867077001185039342576359941119999999999999999999999999999999999999999999999999999999999999999999525952939
-9.04301329037489170278862033165259271637094001803740859434470825809380592957111300000000000000000000000000000000000000000000000000000000000000000030008015599
9.50643172083129210258527682094917792548292458397985268898327830331250447204172099999999999999999999999999999999999999999999999999999999999999999986670737517
1.19260825496256637700327720481407306092427617969380736236361870802649105097494000000000000000000000000000000000000000000000000000000000000000000016399659827
-1.02316848358540777282242039625293006933317476628346979768469532880284427076165799999999999999999999999999999999999999999999999999999999999999999996897646786
0.107514532352701821764985453811233861610562284413283095480658988226305337203650999999999999999999999999999999999999999999999999999999999999999999677117259542
-0.992234203750566235218499580475424000580494129657430747263465453609882382818142599999999999999999999999999999999999999999999999999999999999999999995300606239
0.882987800376301149987493179852070910988171028518827499317344930759656818688360399999999999999999999999999999999999999999999999999999999999999999753301997068
0.121738308087101320497137884193989662145442055594789261325278040661227020481756600000000000000000000000000000000000000000000000000000000000000000005583551427
0.714385991451794081354895961703408998134937263833574919447905565502361391473378999999999999999999999999999999999999999999999999999999999999999999979211859881
-0.58454391494254426482275049338657542074257866706129588347945488793661064364246879999999999999999999999999999999999999999999999999999999999999999999646677016
1.23632205049079314557212235679266194219228371615656880853599583492653396445485200000000000000000000000000000000000000000000000000000000000000000002570702164
-1.33320109703252849836746855924029715365061647351981902678290915972296485905511999999999999999999999999999999999999999999999999999999999999999999955287595319
0.263096825657664112465613301174310147782417027516093564140719336185908744707011000000000000000000000000000000000000000000000000000000000000000000305908315816
1.41832613582661550515248339465990048441849439690845253758564887973111535328580900000000000000000000000000000000000000000000000000000000000000000034710465945
0.214674285578219688861707761025707959986395937198430029014491726844457604649375999999999999999999999999999999999999999999999999999999999999999999986145358345
-0.143466213390026680774535901042131370018155006912462256055281636231300143318753600000000000000000000000000000000000000000000000000000000000000000037437618379
-0.0166207298894501394633211008274109603639740610768382797828592733042821362692639700000000000000000000000000000000000000000000000000000000000000000270397332253
0.444462851765382909413600826691943575868854889880883510389468817510832282740867200000000000000000000000000000000000000000000000000000000000000000048026057073
0.420060268966969992881538526341297364505631054398423242682847290940496390516709399999999999999999999999999999999999999999999999999999999999999999977217700951
0.0808895369689042290810098878105934300212471865115637537513330742338380893015231899999999999999999999999999999999999999999999999999999999999999999989002244277

12856 512 25899 12926
0.0112612481074757539783809746295760905521385114759508670770015923488201049970419018391574002877375259034595678530353703223644891851212683725684227734652433591
-9.04301329037489170278862033165259271637094001803740859434470248227659210652141004886793712884409199504170366760247786380041135862289864508564164912532666109
9.50643172083129210258527682094917792548292458397985268898328099070929224020202730733837827336664444722583390040747671419532135977384012872146572664630041298
1.19260825496256637700327720481407306092427617969380736236359738813087934059988592350276660038862768367938112795491686197816684693741211560089300874287045693
-1.0231684835854077728224203962529300693331747662834697976846761400587932309565250280984697161988549535773483925497039685579765902136347184062292923180231927
0.107514532352701821764985453811233861610562284413283095480652077902513441789604351307109162337325470408947448365871294590056001222953709105466092950096905288
-0.992234203750566235218499580475424000580494129657430747263491136484275436259807646108166047246556317014540816454023964602258066064386500161863238716084258107
0.882987800376301149987493179852070910988171028518827499317383791585233804454272439421149680448318338374413955535972462230703863860204221012855786682791350684
0.121738308087101320497137884193989662145442055594789261325292403391094813159770993691708301661242994230340071572722663478883671860645053970331752833893796923
0.714385991451794081354895961703408998134937263833574919447865611363171303101895527522178930403753208309015496345891564220627716435268771629595759843911708721
-0.584543914942544264822750493386575420742578667061295883479497450286983530203841797063622641440389286102447191405632274380122130659158090150153737160247773236
1.2363220504907931455721223567926619421922837161565688085359708583012350476423387061940339606882547690238792326766753050428889336833607226256412408089702523
-1.33320109703252849836746855924029715365061647351981902678285503021775262541946949095469602718006014349123122966972489694009923245741871370524653289419766806
0.263096825657664112465613301174310147782417027516093564140727646174986687840810015940042059316112893066154325756247064652913178177921072360302971964969171071
1.41832613582661550515248339465990048441849439690845253758565397602851442014016256588424264861608176750364486264243480162441925120560990708157616227114466305
0.214674285578219688861707761025707959986395937198430029014443245137098703108499466083283827073950336177153828101667124753834451509684124943614368664849750574
-0.143466213390026680774535901042131370018155006912462256055233726458981074512755552291097613246028363156118809160147030842923018811321148476916863217972850235
-0.0166207298894501394633211008274109603639740610768382797828600294582131211711577250568448928295832395547336138893091894720753301586962783418613803860934508289
0.44446285176538290941360082669194357586885488988088351038945375002746581082197298263729495835497975354716190025480543441762760782496023162405823717255513111
0.420060268966969992881538526341297364505631054398423242682858199305274891027317340970343174874229007359058161332082955154898012113201824384823173248635845415
0.0808895369689042290810098878105934300212471865115637537513385614473547907261234876570205457724525056274785333609007059886382775221698975616761713730447345105

12861 512 25911 12942
0.011261248107475753978380974629576090552138511475950867077001592348820104997041901839157400287737525903459567853035370322364489185117041850374001812872244581
-9.04301329037489170278862033165259271637094001803740859434470248227659210652141004886793712884409199504170366760247786380041135862289864508564164912532666109
9.50643172083129210258527682094917792548292458397985268898328099070929224020202730733837827336664444722583390040747671419532135977385139944731751587454840972
1.19260825496256637700327720481407306092427617969380736236359738813087934059988592350276660038862768367938112795491686197816684693733533378102769462543097913
-1.02316848358540777282242039625293006933317476628346979768467614005879323095652502809846971619885495357734839254970396855797659021371361348719181691575916989
0.107514532352701821764985453811233861610562284413283095480652077902513441789604351307109162337325470408947448365871294590056001222849831866298393937501659928
-0.992234203750566235218499580475424000580494129657430747263491136484275436259807646108166047246556317014540816454023964602258066064341417258456081803092271141
0.882987800376301149987493179852070910988171028518827499317383791585233804454272439421149680448318338374413955535972462230703863860247895075531469942252338058
0.121738308087101320497137884193989662145442055594789261325292403391094813159770993691708301661242994230340071572722663478883671860642896682961683801924453797
0.714385991451794081354895961703408998134937263833574919447865611363171303101895527522178930403753208309015496345891564220627716435288495399836390993345703019
-0.584543914942544264822750493386575420742578667061295883479497450286983530203841797063622641440389286102447191405632274380122130659124277972598369475503783011
1.23632205049079314557212235679266194219228371615656880853597085830123504764233870619403396068825476902387923267667530504288893368338326407734481926546624578
-1.33320109703252849836746855924029715365061647351981902678285503021775262541946949095469602718006014349123122966972489694009923245739617225354295443770167458
0.263096825657664112465613301174310147782417027516093564140727646174986687840810015940042059316112893066154325756247064652913178177950481910572484482428787569
1.41832613582661550515248339465990048441849439690845253758565397602851442014016256588424264861608176750364486264243480162441925120562681317035384611351665816
0.214674285578219688861707761025707959986395937198430029014443245137098703108499466083283827073950336177153828101667124753834451509690464726906000105739248741
-0.14346621339002668077453590104213137001815500691246225605523372645898107451275555229109761324602836315611880916014703084292301881131513338738756359567057463
-0.0166207298894501394633211008274109603639740610768382797828600294582131211711577250568448928295832395547336138893091894720753301587023319543794312411094647038
0.444462851765382909413600826691943575868854889880883510389453750027465810821972982637294958354979753547161900254805434417627607824957413942595289865493131925
0.420060268966969992881538526341297364505631054398423242682858199305274891027317340970343174874229007359058161332082955154898012113196189021897278634511847044
0.0808895369689042290810098878105934300212471865115637537513385614473547907261234876570205457724525056274785333609007059886382775221628533580188031053897365469

12861 2048 25773 12798
0.0112612481074757539783809746295760905521385114759508670770015923488201049970419018391574002877375259034595678530353703223644891851170418503740018128722445810000000000000000000000000000000000000000000000000000000000000000000000000000000000000000000000000000000000000000000000000000000000000000000000000000000000000000000000000000000000000000000000000000000000000000000000000000000000000000000000000000000000000000000000000000000000000000000000000000000000000000000000000000000000000000000000000000000000000000000000000000000000000000000000000000000000000000000000000000000000000000000000000000000000000000000000000000002
-9.04301329037489170278862033165259271637094001803740859434470248227659210652141004886793712884409199504170366760247786380041135862289864508564164912532666108999999999999999999999999999999999999999999999999999999999999999999999999999999999999999999999999999999999999999999999999999999999999999999999999999999999999999999999999999999999999999999999999999999999999999999999999999999999999999999999999999999999999999999999999999999999999999999999999999999999999999999999999999999999999999999999999999999999999999999999999999999999999999999999999999999999999999999999999999999999999999999999999999999999999999999999999999999
9.50643172083129210258527682094917792548292458397985268898328099070929224020202730733837827336664444722583390040747671419532135977385139944731751587454840971999999999999999999999999999999999999999999999999999999999999999999999999999999999999999999999999999999999999999999999999999999999999999999999999999999999999999999999999999999999999999999999999999999999999999999999999999999999999999999999999999999999999999999999999999999999999999999999999999999999999999999999999999999999999999999999999999999999999999999999999999999999999999999999999999999999999999999999999999999999999999999999999999999999999999999999999999987
1.19260825496256637700327720481407306092427617969380736236359738813087934059988592350276660038862768367938112795491686197816684693733533378102769462543097913000000000000000000000000000000000000000000000000000000000000000000000000000000000000000000000000000000000000000000000000000000000000000000000000000000000000000000000000000000000000000000000000000000000000000000000000000000000000000000000000000000000000000000000000000000000000000000000000000000000000000000000000000000000000000000000000000000000000000000000000000000000000000000000000000000000000000000000000000000000000000000000000000000000000000000000000000002
-1.02316848358540777282242039625293006933317476628346979768467614005879323095652502809846971619885495357734839254970396855797659021371361348719181691575916988999999999999999999999999999999999999999999999999999999999999999999999999999999999999999999999999999999999999999999999999999999999999999999999999999999999999999999999999999999999999999999999999999999999999999999999999999999999999999999999999999999999999999999999999999999999999999999999999999999999999999999999999999999999999999999999999999999999999999999999999999999999999999999999999999999999999999999999999999999999999999999999999999999999999999999999999999999
0.107514532352701821764985453811233861610562284413283095480652077902513441789604351307109162337325470408947448365871294590056001222849831866298393937501659927999999999999999999999999999999999999999999999999999999999999999999999999999999999999999999999999999999999999999999999999999999999999999999999999999999999999999999999999999999999999999999999999999999999999999999999999999999999999999999999999999999999999999999999999999999999999999999999999999999999999999999999999999999999999999999999999999999999999999999999999999999999999999999999999999999999999999999999999999999999999999999999999999999999999999999999999999999
-0.992234203750566235218499580475424000580494129657430747263491136484275436259807646108166047246556317014540816454023964602258066064341417258456081803092271141000000000000000000000000000000000000000000000000000000000000000000000000000000000000000000000000000000000000000000000000000000000000000000000000000000000000000000000000000000000000000000000000000000000000000000000000000000000000000000000000000000000000000000000000000000000000000000000000000000000000000000000000000000000000000000000000000000000000000000000000000000000000000000000000000000000000000000000000000000000000000000000000000000000000000000000000000011
0.882987800376301149987493179852070910988171028518827499317383791585233804454272439421149680448318338374413955535972462230703863860247895075531469942252338057999999999999999999999999999999999999999999999999999999999999999999999999999999999999999999999999999999999999999999999999999999999999999999999999999999999999999999999999999999999999999999999999999999999999999999999999999999999999999999999999999999999999999999999999999999999999999999999999999999999999999999999999999999999999999999999999999999999999999999999999999999999999999999999999999999999999999999999999999999999999999999999999999999999999999999999999999999
0.121738308087101320497137884193989662145442055594789261325292403391094813159770993691708301661242994230340071572722663478883671860642896682961683801924453797000000000000000000000000000000000000000000000000000000000000000000000000000000000000000000000000000000000000000000000000000000000000000000000000000000000000000000000000000000000000000000000000000000000000000000000000000000000000000000000000000000000000000000000000000000000000000000000000000000000000000000000000000000000000000000000000000000000000000000000000000000000000000000000000000000000000000000000000000000000000000000000000000000000000000000000000000001
0.714385991451794081354895961703408998134937263833574919447865611363171303101895527522178930403753208309015496345891564220627716435288495399836390993345703019000000000000000000000000000000000000000000000000000000000000000000000000000000000000000000000000000000000000000000000000000000000000000000000000000000000000000000000000000000000000000000000000000000000000000000000000000000000000000000000000000000000000000000000000000000000000000000000000000000000000000000000000000000000000000000000000000000000000000000000000000000000000000000000000000000000000000000000000000000000000000000000000000000000000000000000000000014
-0.584543914942544264822750493386575420742578667061295883479497450286983530203841797063622641440389286102447191405632274380122130659124277972598369475503783010999999999999999999999999999999999999999999999999999999999999999999999999999999999999999999999999999999999999999999999999999999999999999999999999999999999999999999999999999999999999999999999999999999999999999999999999999999999999999999999999999999999999999999999999999999999999999999999999999999999999999999999999999999999999999999999999999999999999999999999999999999999999999999999999999999999999999999999999999999999999999999999999999999999999999999999999999989
1.23632205049079314557212235679266194219228371615656880853597085830123504764233870619403396068825476902387923267667530504288893368338326407734481926546624578000000000000000000000000000000000000000000000000000000000000000000000000000000000000000000000000000000000000000000000000000000000000000000000000000000000000000000000000000000000000000000000000000000000000000000000000000000000000000000000000000000000000000000000000000000000000000000000000000000000000000000000000000000000000000000000000000000000000000000000000000000000000000000000000000000000000000000000000000000000000000000000000000000000000000000000000000001
-1.33320109703252849836746855924029715365061647351981902678285503021775262541946949095469602718006014349123122966972489694009923245739617225354295443770167458000000000000000000000000000000000000000000000000000000000000000000000000000000000000000000000000000000000000000000000000000000000000000000000000000000000000000000000000000000000000000000000000000000000000000000000000000000000000000000000000000000000000000000000000000000000000000000000000000000000000000000000000000000000000000000000000000000000000000000000000000000000000000000000000000000000000000000000000000000000000000000000000000000000000000000000000000003
0.263096825657664112465613301174310147782417027516093564140727646174986687840810015940042059316112893066154325756247064652913178177950481910572484482428787568999999999999999999999999999999999999999999999999999999999999999999999999999999999999999999999999999999999999999999999999999999999999999999999999999999999999999999999999999999999999999999999999999999999999999999999999999999999999999999999999999999999999999999999999999999999999999999999999999999999999999999999999999999999999999999999999999999999999999999999999999999999999999999999999999999999999999999999999999999999999999999999999999999999999999999999999999995
1.41832613582661550515248339465990048441849439690845253758565397602851442014016256588424264861608176750364486264243480162441925120562681317035384611351665816000000000000000000000000000000000000000000000000000000000000000000000000000000000000000000000000000000000000000000000000000000000000000000000000000000000000000000000000000000000000000000000000000000000000000000000000000000000000000000000000000000000000000000000000000000000000000000000000000000000000000000000000000000000000000000000000000000000000000000000000000000000000000000000000000000000000000000000000000000000000000000000000000000000000000000000000000001
0.214674285578219688861707761025707959986395937198430029014443245137098703108499466083283827073950336177153828101667124753834451509690464726906000105739248740999999999999999999999999999999999999999999999999999999999999999999999999999999999999999999999999999999999999999999999999999999999999999999999999999999999999999999999999999999999999999999999999999999999999999999999999999999999999999999999999999999999999999999999999999999999999999999999999999999999999999999999999999999999999999999999999999999999999999999999999999999999999999999999999999999999999999999999999999999999999999999999999999999999999999999999999999999
-0.143466213390026680774535901042131370018155006912462256055233726458981074512755552291097613246028363156118809160147030842923018811315133387387563595670574629999999999999999999999999999999999999999999999999999999999999999999999999999999999999999999999999999999999999999999999999999999999999999999999999999999999999999999999999999999999999999999999999999999999999999999999999999999999999999999999999999999999999999999999999999999999999999999999999999999999999999999999999999999999999999999999999999999999999999999999999999999999999999999999999999999999999999999999999999999999999999999999999999999999999999999999999999996
-0.0166207298894501394633211008274109603639740610768382797828600294582131211711577250568448928295832395547336138893091894720753301587023319543794312411094647038000000000000000000000000000000000000000000000000000000000000000000000000000000000000000000000000000000000000000000000000000000000000000000000000000000000000000000000000000000000000000000000000000000000000000000000000000000000000000000000000000000000000000000000000000000000000000000000000000000000000000000000000000000000000000000000000000000000000000000000000000000000000000000000000000000000000000000000000000000000000000000000000000000000000000000000000000003
0.444462851765382909413600826691943575868854889880883510389453750027465810821972982637294958354979753547161900254805434417627607824957413942595289865493131924999999999999999999999999999999999999999999999999999999999999999999999999999999999999999999999999999999999999999999999999999999999999999999999999999999999999999999999999999999999999999999999999999999999999999999999999999999999999999999999999999999999999999999999999999999999999999999999999999999999999999999999999999999999999999999999999999999999999999999999999999999999999999999999999999999999999999999999999999999999999999999999999999999999999999999999999999998
0.420060268966969992881538526341297364505631054398423242682858199305274891027317340970343174874229007359058161332082955154898012113196189021897278634511847043999999999999999999999999999999999999999999999999999999999999999999999999999999999999999999999999999999999999999999999999999999999999999999999999999999999999999999999999999999999999999999999999999999999999999999999999999999999999999999999999999999999999999999999999999999999999999999999999999999999999999999999999999999999999999999999999999999999999999999999999999999999999999999999999999999999999999999999999999999999999999999999999999999999999999999999999999995
0.0808895369689042290810098878105934300212471865115637537513385614473547907261234876570205457724525056274785333609007059886382775221628533580188031053897365468999999999999999999999999999999999999999999999999999999999999999999999999999999999999999999999999999999999999999999999999999999999999999999999999999999999999999999999999999999999999999999999999999999999999999999999999999999999999999999999999999999999999999999999999999999999999999999999999999999999999999999999999999999999999999999999999999999999999999999999999999999999999999999999999999999999999999999999999999999999999999999999999999999999999999999999999999993

12883 2048 123402 61661
0.0112612481074757539783809746295760905521385114759508670770015923488201049970419018391574002877375259034595678530353703223644687630161050959528272712417316534673205213319135387140378843273780771887377453669668843073988155990738616692168363084926240882866078864025705148278248176932039344919326066788945122765593626349182646782291635337041154953848461705198141358373308359802002755154485441894872480428579593329162923882908204353510377435293901383907813365332858238464793755048021376616524507802062803103703005047422727750926846635347448434065929627927297946080086063490265786816150610825076109955353740005066614301379925
-9.04301329037489170278862033165259271637094001803740859434470248227659210652141004886793712884409199504170366760247786380041164818373998014521680459791049812320621746184634041607324549084805767946152067087818450181874094160306442500765295281918356432961226261675618016224353396681948563831623328735991902227800461088062693687451835819098902692281370928392864439805017808271687766259689704805648050264044005064232126382478164840113467662110725211602944232093631754559151666981782981377582936423018818392818316492220834987115965224506451162453565364966633414344194389248319340091004490142189218477570225875733966151463975
9.50643172083129210258527682094917792548292458397985268898328099070929224020202730733837827336664444722583390040747671419532122500455159201087849740960161986536223298606908559960182353859986570279007180649493040261348177282502669200876353877405064553471530853777237770195779840317584238083268492144370914434073320459457059260097636789974560908293198256403133777953412979380538458747879081912122437206393341384215286861677378785552036200317019597903812361488274886284490733958144693753856912230936458912786142114678870251620711552567013519257917714320681989115651866915435929359376348963750372028543174843000678396833086
1.19260825496256637700327720481407306092427617969380736236359738813087934059988592350276660038862768367938112795491686197816791555674366194397383913459329290560749185161958221808453831734350806680340242911962147882588965367875782938311629951285489008547104040425961286719197070677007521657925783147538126916286247654890705162772236549769185349654896345528188616359139190584979869977206980731917944015386602632170852532627103749407876431054127697321186619057080441314169669445772496545330911981809033442387430763195649565143356414633664908317433794859833921841687030489015968893791732719264745070549834870680798677111683
-1.02316848358540777282242039625293006933317476628346979768467614005879323095652502809846971619885495357734839254970396855797755199587575375379746692698570628051562027229628215724401468915387541829594872085969039669112087741598594997555292319465564016507979899281520572056330888716137946133698214998961164913135959120915158258747030439584628459946335795527503258019117418595567083557457148860868631521902293416767145266693647457779238374508651175998805515819444705908967881041852108801990533644683850498962835850191801725799761515114241738367831020518207342015635623807739261824653239456214275810199879633510600191101556
0.107514532352701821764985453811233861610562284413283095480652077902513441789604351307109162337325470408947448365871294590056347657316958928641968624120179414058938513433454344121228546965028787402973619043950295833907279948062588933950941078621487184251524836693181681772712472359660114027433952678304282638777056110855664442589758330148694466583616541318164288502714707305771502480772480378174064642718458959134588963782320732399558354574451174131945656727619269359941028052661786371242272812731069345854295509362755131900645193261985228208894369718824171683426320961710611751095786995535542198927498514053390356674535
-0.992234203750566235218499580475424000580494129657430747263491136484275436259807646108166047246556317014540816454023964602256778824789065308924120218554611182101904849105890486221281009676209401033843375397324274143383549705987636545337563370732325083971237948089605642804889259014505783782994982486605924038865568105351278643968938308084585967599102539060688856672454544915909863793113854447786450470070878804317825149767707866625688650226772448443922775809177066155206835645348455979162688140261229388805811614778959276900373580495706740193078900144158863703039919326069408714271024392706549214867529966361871624025335
0.882987800376301149987493179852070910988171028518827499317383791585233804454272439421149680448318338374413955535972462230701915987442292628770473030524602761024234651786612908367587372172631696412526797867427266454788666825328977575538585340517024677222629619253582194572494860567328318120033428477647526167057929584367242699533615696565514560470306479509354577719778873185058539846170016880330859012252645865569395404677652161170910672697600559207319677026643218611381259006282429854374733458739944137302734842498806090277573865187407661854713582697258830404685704473937385426868375974821994942763583748292303843444647
0.121738308087101320497137884193989662145442055594789261325292403391094813159770993691708301661242994230340071572722663478882951733090035343172235297924976744832979118723407688354132041311754852460298784938831699029365680117238532775089372791180917776383375047153088973258780514848308817907121518786176136360531314434946324438134669354068842854735748106251063433474069092086553584628808755676731974983882998341691099754488913894024198335902231467038251167876814766846799070623557884385499353363033550428332819202602398099719405847565202495592869762456645824331264434536601625552406735227229396842302690768765671252925876
0.714385991451794081354895961703408998134937263833574919447865611363171303101895527522178930403753208309015496345891564220629719464470354189643015849113728925331818109258660201174528312907140217860017935836801136879209706919386982622137108299901213005992388817711774172988702875491544381352592624653205534111234093883084167810250692220165158296890076413482883046280374768191400637655440301330468138264366738466339092787688389054506615227042723527369573759448710374390469655674386353183269300137489907620551069628915471775899741520328143696149556263391968067098790020970588064425211328289351705353705700991322107245699159
-0.584543914942544264822750493386575420742578667061295883479497450286983530203841797063622641440389286102447191405632274380119997342708963865936347915743025163926539563430798776305430602168987355958055106916955939055882771055005732976617672430236285165219452822931889300805498252989042944066684458095019582259296489208267102238919435199509536503316518166863851921157785987696668640132001955392762910754480689962899623386754141824714439573439924857507624031546035388110446385574697493663386665369504767309218315748398367294927196874199659244842449876304028294755176781467930886508691252614560137185940916831387005017467034
1.2363220504907931455721223567926619421922837161565688085359708583012350476423387061940339606882547690238792326766753050428901855676761734065558815926134602796905749844048353040031004808306855547263016058704165344647755227175996789505240492449003260859216269207914964948503512203712472724541928946147926590102555444562657569936692573881024420104138432682018458967884944025694627910916780681053110451025479756149289877637157527206003413637447132970934596068579084169883615208926588071501856436905006065655948220836000471588020427781884639401183091913455066342192433042251838373737954864323433456493640179023324817737316
-1.33320109703252849836746855924029715365061647351981902678285503021775262541946949095469602718006014349123122966972489694010194506492526917202821765700083066666437261366171682912989074034973838620948685451445923881909817330874387732261039631700822698719086192566937125548812259559485538885267120123033319616082505836347753069319743732629689815479294693459310894809357540042239897135747070021847680227711666745852295096267347204235276893539906522604401243641925774283316058711597854313072351041319404653403197434510667196969540700559220608786605646251724713690723546185789991920457408073529120604469109444891208801155888
0.263096825657664112465613301174310147782417027516093564140727646174986687840810015940042059316112893066154325756247064652912762117580171017110001587735081086194966313561492680234561336773951136106868602919534022646728854471795999663309789620622721359083071285167430250626195745752077358527105706501030725225989452012035488185238809391969744092015024996950813883143465222546956691122176732534795589977557732071851234793386003160925338830445103591249776491362005800233195445193136274661487338105170409905618118790704389827507313838266042461972623111033534801932559124585846571298173426517058245526600526055423729461667757
1.41832613582661550515248339465990048441849439690845253758565397602851442014016256588424264861608176750364486264243480162441899472237788861429868239239531446470537087912618762119765952491408905133437175264146462076347656717435393168539422988172146470740561654264233381081707388246057370193805705820952939418387655110344338775320880574573424855568059683630430108931940176300264812927561785497113307795149164973464235179232585798554152831464917319520840036974537891372205000660488095498243719398702779737203734921920060227831324726333735893061757403644223399551060981451480039704129642040044975205466746732254288179362586
0.214674285578219688861707761025707959986395937198430029014443245137098703108499466083283827073950336177153828101667124753836881867120577108083202630266756405799106310727205465060353685963873114299242186454619027372680644258586287828552250857838480994315008536432629881708547499907099687348718898826747909023714273582752182409104044687774028882556142769591518921929610172261134918953556270170100066933370046954115470651261309767571849953944802420500728277998857035082566974130944613183661356327058848827975793861557146646503377581302083707569010518941015599412922656633509414769381990690026279363767705048690056471585714
-0.143466213390026680774535901042131370018155006912462256055233726458981074512755552291097613246028363156118809160147030842925420480471579878046937950895066203801385242895752935937906700072325872567124880344988159253062173732640673917147242938060219861300602013468978657122952499966433250027217666478440907661907516709459691379334284223200963121663243194856101830933472122511394168054642130149753754439035268102438397026927431033036714991618493719076397932616375523715981045663094427023452142747279206146405507658017983552426218751193694122854561306770328603952584049234193806104928662038305907571310273464298750284805179
-0.0166207298894501394633211008274109603639740610768382797828600294582131211711577250568448928295832395547336138893091894720752922634764039469310290232364914439932950726725799294387307524221224206531581771723996123138837421360764459241604717099868041653383682225706012453972659495408389786635186974425308449887392492359589478644230025260994803371523635396623284762910068239019313419788089805239195811712609446220684190070163613904335168355851982548098953463567873899590538088431859408208124197273638695623028799963133682088776553078327746603692708529723964665131085109453745891831695400356165648751226167520571453849075992
0.444462851765382909413600826691943575868854889880883510389453750027465810821972982637294958354979753547161900254805434417628363169815837489870153845693152815790661107344949386723509183897139419664060586154886106685926094603819979078047952418741458661647482576612488519108764498698025205299109795059413400590477179215985883513479650151789128686253056353276785008906473796032491404916827961989907634261999550006495278838214633596071730035799316707757677371925990734413084040389087351046581869665094380140926526251382189530118265636229180528069652965216877163331137690755587665542996923322556260199146744909900682445611898
0.420060268966969992881538526341297364505631054398423242682858199305274891027317340970343174874229007359058161332082955154897465185715883920545655903730347772387764220574232624215929893685390565072610180017835776223349958277119705567089510276672188569818950061773813369529184707604060273441381221864678456145839534410267990882027752284178769846619679729335200781650600650781020487927895180755683749433936686173826939099340228350351415242571146732003323390254447235705266107498543120461048692617433127664920014994537892209900300895936379865332438457713579545854304991913035066549494201345821920540146164316004350603796888
0.0808895369689042290810098878105934300212471865115637537513385614473547907261234876570205457724525056274785333609007059886380025212956853064789545944413006538171486769219453893768446889480451941843701048900468612849892187291911473676180010947948958008575290612206481321737217432980870626015264481701319868906157787364125824391458396255585160433867278823149255947377943273386786982351716977579818849809899295900691274451276207094752365948884261136245642387938679084741177324877052831529726438650567190748860525468541233747819299455588246822527302178712527618673272208774362484262250867155180123433722759417608061487182875

